light,dist,x,y
701,233,45,1
695,95,0,0
691,275,1,0
691,68,2,0
686,94,3,0
682,97,4,0
686,94,5,0
687,94,6,0
688,64,7,0
685,94,8,0
684,95,9,0
686,94,10,0
688,93,11,0
688,93,12,0
686,93,13,0
686,64,14,0
687,94,15,0
689,93,16,0
688,94,17,0
688,94,18,0
687,87,19,0
690,93,20,0
691,65,21,0
689,94,22,0
691,95,23,0
691,93,24,0
692,93,25,0
693,80,26,0
691,93,27,0
692,95,28,0
693,94,29,0
695,95,30,0
696,93,31,0
696,95,32,0
695,274,33,0
698,275,34,0
696,274,35,0
698,252,36,0
697,233,37,0
697,233,38,0
697,233,39,0
698,233,40,0
699,233,41,0
699,233,42,0
698,233,43,0
698,233,44,0
700,233,45,0
688,70,0,1
686,94,1,1
687,66,2,1
689,94,3,1
688,95,4,1
688,93,5,1
686,94,6,1
689,92,7,1
689,94,8,1
689,94,9,1
688,93,10,1
684,94,11,1
689,92,12,1
690,93,13,1
691,64,14,1
690,93,15,1
690,95,16,1
692,93,17,1
692,94,18,1
692,93,19,1
690,93,20,1
689,65,21,1
691,94,22,1
691,95,23,1
691,95,24,1
691,95,25,1
691,85,26,1
693,95,27,1
694,274,28,1
690,274,29,1
695,95,30,1
696,85,31,1
696,226,32,1
694,233,33,1
695,232,34,1
696,233,35,1
697,233,36,1
697,233,37,1
695,232,38,1
694,233,39,1
696,233,40,1
697,233,41,1
697,233,42,1
696,232,43,1
695,233,44,1
697,233,45,1
682,70,0,2
680,94,1,2
682,64,2,2
684,94,3,2
683,94,4,2
682,94,5,2
682,94,6,2
683,93,7,2
685,94,8,2
685,95,9,2
684,94,10,2
680,95,11,2
684,93,12,2
687,94,13,2
688,64,14,2
687,94,15,2
687,95,16,2
689,95,17,2
691,94,18,2
691,92,19,2
690,94,20,2
690,65,21,2
692,95,22,2
694,94,23,2
693,94,24,2
692,95,25,2
693,82,26,2
695,95,27,2
696,274,28,2
692,275,29,2
696,274,30,2
696,237,31,2
698,233,32,2
698,232,33,2
698,233,34,2
698,233,35,2
698,233,36,2
699,233,37,2
700,233,38,2
699,233,39,2
698,233,40,2
698,233,41,2
700,233,42,2
700,233,43,2
698,233,44,2
697,233,45,2
680,70,0,3
681,96,1,3
678,64,2,3
678,96,3,3
682,97,4,3
684,96,5,3
686,95,6,3
686,92,7,3
687,95,8,3
688,96,9,3
690,96,10,3
690,95,11,3
690,95,12,3
690,95,13,3
691,276,14,3
692,95,15,3
692,95,16,3
694,94,17,3
696,71,18,3
695,94,19,3
695,275,20,3
696,95,21,3
695,93,22,3
697,94,23,3
700,68,24,3
699,98,25,3
699,274,26,3
695,275,27,3
701,128,28,3
702,64,29,3
701,212,30,3
703,233,31,3
700,233,32,3
697,233,33,3
698,233,34,3
699,233,35,3
702,234,36,3
701,232,37,3
699,233,38,3
697,233,39,3
697,233,40,3
697,233,41,3
695,233,42,3
694,233,43,3
693,233,44,3
693,233,45,3
689,89,0,4
689,134,1,4
690,247,2,4
685,247,3,4
684,117,4,4
687,87,5,4
686,90,6,4
687,91,7,4
688,91,8,4
687,91,9,4
686,91,10,4
685,91,11,4
686,78,12,4
687,92,13,4
687,93,14,4
685,92,15,4
686,92,16,4
688,91,17,4
690,92,18,4
690,78,19,4
689,92,20,4
693,93,21,4
692,92,22,4
694,92,23,4
693,84,24,4
692,92,25,4
693,122,26,4
694,92,27,4
696,93,28,4
698,85,29,4
698,93,30,4
699,274,31,4
697,116,32,4
703,93,33,4
703,95,34,4
705,72,35,4
706,137,36,4
707,134,37,4
706,79,38,4
707,119,39,4
708,127,40,4
708,91,41,4
707,127,42,4
709,275,43,4
708,274,44,4
708,251,45,4
692,75,0,5
691,93,1,5
692,75,2,5
694,94,3,5
694,92,4,5
692,92,5,5
692,93,6,5
694,90,7,5
695,92,8,5
696,93,9,5
695,92,10,5
695,93,11,5
697,92,12,5
699,93,13,5
699,92,14,5
700,93,15,5
703,276,16,5
699,93,17,5
699,92,18,5
701,95,19,5
703,275,20,5
704,127,21,5
703,94,22,5
705,126,23,5
704,275,24,5
705,126,25,5
705,77,26,5
706,125,27,5
703,126,28,5
708,92,29,5
708,235,30,5
707,233,31,5
706,233,32,5
708,233,33,5
709,126,34,5
710,274,35,5
708,126,36,5
708,79,37,5
710,219,38,5
709,232,39,5
709,233,40,5
709,233,41,5
711,233,42,5
712,233,43,5
711,233,44,5
710,233,45,5
694,69,0,6
693,95,1,6
693,65,2,6
693,94,3,6
694,96,4,6
696,95,5,6
694,94,6,6
694,92,7,6
693,93,8,6
696,95,9,6
698,94,10,6
698,93,11,6
697,93,12,6
697,94,13,6
698,65,14,6
700,93,15,6
700,94,16,6
700,93,17,6
701,93,18,6
703,92,19,6
704,95,20,6
704,275,21,6
703,98,22,6
705,94,23,6
704,95,24,6
705,77,25,6
708,94,26,6
708,95,27,6
709,96,28,6
709,94,29,6
709,91,30,6
712,96,31,6
713,275,32,6
713,97,33,6
713,96,34,6
714,261,35,6
714,233,36,6
713,233,37,6
712,233,38,6
714,233,39,6
715,233,40,6
716,233,41,6
715,232,42,6
714,233,43,6
715,232,44,6
716,233,45,6
694,69,0,7
693,95,1,7
695,66,2,7
696,95,3,7
694,246,4,7
694,95,5,7
694,94,6,7
696,95,7,7
698,87,8,7
697,95,9,7
697,98,10,7
697,94,11,7
698,96,12,7
700,92,13,7
701,94,14,7
701,95,15,7
701,93,16,7
697,94,17,7
704,94,18,7
705,94,19,7
706,95,20,7
706,95,21,7
701,97,22,7
706,94,23,7
708,93,24,7
710,77,25,7
711,94,26,7
711,97,27,7
711,96,28,7
712,98,29,7
714,87,30,7
714,96,31,7
713,121,32,7
714,94,33,7
712,123,34,7
714,274,35,7
714,275,36,7
715,274,37,7
716,260,38,7
717,232,39,7
715,233,40,7
715,233,41,7
716,233,42,7
718,233,43,7
717,233,44,7
717,233,45,7
695,71,0,8
697,246,1,8
698,239,2,8
697,233,3,8
696,97,4,8
696,246,5,8
697,246,6,8
699,247,7,8
701,248,8,8
695,248,9,8
699,98,10,8
700,96,11,8
703,237,12,8
703,98,13,8
704,249,14,8
705,276,15,8
696,96,16,8
706,95,17,8
707,97,18,8
708,276,19,8
711,277,20,8
710,99,21,8
711,92,22,8
711,96,23,8
711,276,24,8
712,127,25,8
713,93,26,8
713,100,27,8
714,127,28,8
714,125,29,8
714,127,30,8
715,132,31,8
716,101,32,8
716,131,33,8
719,275,34,8
717,130,35,8
718,69,36,8
717,131,37,8
712,275,38,8
718,125,39,8
718,66,40,8
720,212,41,8
721,232,42,8
720,233,43,8
719,131,44,8
720,131,45,8
695,96,0,9
696,92,1,9
698,96,2,9
699,246,3,9
699,247,4,9
698,97,5,9
697,128,6,9
699,96,7,9
698,66,8,9
700,120,9,9
696,129,10,9
701,89,11,9
703,95,12,9
703,127,13,9
706,96,14,9
705,126,15,9
706,68,16,9
705,96,17,9
709,128,18,9
708,95,19,9
710,94,20,9
712,276,21,9
719,128,22,9
713,95,23,9
715,94,24,9
714,275,25,9
716,99,26,9
717,93,27,9
715,94,28,9
716,79,29,9
718,129,30,9
719,130,31,9
719,91,32,9
720,129,33,9
723,275,34,9
720,131,35,9
719,83,36,9
722,202,37,9
721,232,38,9
720,233,39,9
722,233,40,9
723,233,41,9
723,132,42,9
727,275,43,9
724,274,44,9
724,253,45,9
699,71,0,10
697,126,1,10
701,247,2,10
697,246,3,10
698,126,4,10
698,100,5,10
699,127,6,10
698,247,7,10
695,248,8,10
701,127,9,10
701,83,10,10
703,225,11,10
705,98,12,10
704,71,13,10
704,117,14,10
705,98,15,10
708,96,16,10
710,95,17,10
711,276,18,10
713,98,19,10
714,96,20,10
713,258,21,10
714,125,22,10
716,127,23,10
716,100,24,10
718,125,25,10
718,125,26,10
719,98,27,10
718,97,28,10
719,276,29,10
720,125,30,10
721,110,31,10
721,125,32,10
723,276,33,10
722,125,34,10
723,79,35,10
722,125,36,10
723,276,37,10
723,274,38,10
725,238,39,10
724,232,40,10
725,232,41,10
726,232,42,10
727,232,43,10
726,232,44,10
726,233,45,10
701,246,0,11
702,84,1,11
702,225,2,11
699,133,3,11
701,247,4,11
694,247,5,11
696,125,6,11
699,81,7,11
700,124,8,11
700,125,9,11
701,101,10,11
702,124,11,11
703,124,12,11
704,110,13,11
706,125,14,11
707,125,15,11
707,105,16,11
709,126,17,11
711,278,18,11
711,128,19,11
711,67,20,11
715,124,21,11
716,128,22,11
717,94,23,11
718,128,24,11
719,99,25,11
720,99,26,11
721,97,27,11
721,78,28,11
720,128,29,11
716,277,30,11
723,130,31,11
724,276,32,11
725,131,33,11
725,95,34,11
725,233,35,11
724,232,36,11
725,233,37,11
727,232,38,11
728,233,39,11
727,233,40,11
726,232,41,11
727,232,42,11
729,232,43,11
729,233,44,11
729,232,45,11
699,71,0,12
701,246,1,12
702,237,2,12
701,233,3,12
700,233,4,12
699,233,5,12
701,233,6,12
703,233,7,12
703,233,8,12
702,233,9,12
703,232,10,12
704,233,11,12
706,233,12,12
709,232,13,12
710,233,14,12
711,232,15,12
713,233,16,12
716,232,17,12
718,140,18,12
714,280,19,12
719,139,20,12
719,67,21,12
721,197,22,12
719,233,23,12
720,233,24,12
722,232,25,12
723,232,26,12
723,232,27,12
722,128,28,12
724,276,29,12
725,130,30,12
726,69,31,12
725,188,32,12
729,232,33,12
727,263,34,12
727,233,35,12
727,232,36,12
726,232,37,12
729,233,38,12
730,233,39,12
730,132,40,12
731,276,41,12
731,275,42,12
731,131,43,12
731,133,44,12
731,111,45,12
701,73,0,13
700,245,1,13
700,130,2,13
701,130,3,13
700,103,4,13
700,130,5,13
701,141,6,13
702,89,7,13
702,227,8,13
702,232,9,13
703,233,10,13
705,127,11,13
706,127,12,13
707,106,13,13
709,125,14,13
710,126,15,13
711,104,16,13
714,127,17,13
709,128,18,13
716,100,19,13
719,126,20,13
723,128,21,13
721,102,22,13
722,127,23,13
727,128,24,13
724,102,25,13
726,126,26,13
731,127,27,13
727,103,28,13
729,127,29,13
730,127,30,13
729,102,31,13
731,128,32,13
735,276,33,13
730,275,34,13
730,249,35,13
731,125,36,13
731,276,37,13
732,125,38,13
732,79,39,13
733,125,40,13
733,126,41,13
734,95,42,13
734,126,43,13
735,276,44,13
734,275,45,13
704,88,0,14
706,246,1,14
705,134,2,14
700,139,3,14
703,94,4,14
704,127,5,14
705,129,6,14
704,99,7,14
706,127,8,14
707,248,9,14
707,127,10,14
707,93,11,14
708,122,12,14
710,121,13,14
711,112,14,14
712,124,15,14
714,126,16,14
715,106,17,14
717,126,18,14
723,128,19,14
721,103,20,14
722,126,21,14
727,130,22,14
725,98,23,14
726,126,24,14
728,127,25,14
728,105,26,14
730,127,27,14
735,278,28,14
732,130,29,14
732,81,30,14
734,131,31,14
734,131,32,14
735,79,33,14
734,132,34,14
730,277,35,14
737,132,36,14
736,276,37,14
736,131,38,14
735,96,39,14
737,130,40,14
737,276,41,14
736,276,42,14
735,248,43,14
737,233,44,14
738,233,45,14
704,73,0,15
703,131,1,15
703,247,2,15
703,129,3,15
703,103,4,15
703,129,5,15
703,131,6,15
703,97,7,15
703,127,8,15
703,128,9,15
704,102,10,15
704,127,11,15
709,128,12,15
707,100,13,15
709,126,14,15
711,126,15,15
712,105,16,15
713,126,17,15
719,126,18,15
716,105,19,15
718,125,20,15
719,125,21,15
722,106,22,15
722,125,23,15
727,127,24,15
727,105,25,15
727,125,26,15
733,125,27,15
730,105,28,15
731,125,29,15
733,124,30,15
732,107,31,15
733,124,32,15
734,124,33,15
735,108,34,15
735,124,35,15
741,126,36,15
736,106,37,15
736,125,38,15
743,128,39,15
738,103,40,15
737,126,41,15
743,129,42,15
738,101,43,15
738,229,44,15
738,233,45,15
706,94,0,16
706,227,1,16
705,233,2,16
704,130,3,16
709,248,4,16
703,129,5,16
704,91,6,16
705,129,7,16
703,132,8,16
704,95,9,16
705,129,10,16
707,129,11,16
706,98,12,16
707,128,13,16
709,128,14,16
709,100,15,16
712,129,16,16
715,333,17,16
717,234,18,16
717,130,19,16
723,130,20,16
720,100,21,16
722,128,22,16
724,282,23,16
726,128,24,16
728,366,25,16
729,125,26,16
730,279,27,16
727,280,28,16
736,273,29,16
737,129,30,16
743,278,31,16
738,127,32,16
738,80,33,16
741,125,34,16
735,126,35,16
741,88,36,16
742,126,37,16
743,127,38,16
742,101,39,16
743,127,40,16
745,278,41,16
741,277,42,16
741,130,43,16
739,277,44,16
737,276,45,16
705,97,0,17
706,246,1,17
707,241,2,17
708,232,3,17
707,139,4,17
703,247,5,17
703,247,6,17
706,247,7,17
706,248,8,17
706,129,9,17
707,247,10,17
706,127,11,17
708,124,12,17
707,126,13,17
710,127,14,17
712,108,15,17
712,126,16,17
719,127,17,17
717,103,18,17
717,126,19,17
725,127,20,17
721,104,21,17
723,126,22,17
726,125,23,17
727,105,24,17
728,126,25,17
735,126,26,17
732,104,27,17
732,125,28,17
739,125,29,17
736,106,30,17
736,124,31,17
741,125,32,17
739,107,33,17
739,124,34,17
742,125,35,17
740,108,36,17
740,124,37,17
745,126,38,17
742,106,39,17
742,125,40,17
743,125,41,17
743,107,42,17
742,125,43,17
747,127,44,17
743,105,45,17
707,246,0,18
706,83,1,18
707,221,2,18
708,233,3,18
708,233,4,18
706,233,5,18
706,232,6,18
707,233,7,18
708,127,8,18
708,249,9,18
703,248,10,18
688,126,11,18
710,85,12,18
709,125,13,18
710,124,14,18
712,101,15,18
712,125,16,18
717,126,17,18
715,106,18,18
717,124,19,18
719,125,20,18
720,107,21,18
722,125,22,18
725,126,23,18
725,106,24,18
727,124,25,18
730,125,26,18
731,107,27,18
732,124,28,18
734,125,29,18
736,108,30,18
737,124,31,18
738,126,32,18
739,107,33,18
739,125,34,18
745,278,35,18
741,127,36,18
742,86,37,18
741,203,38,18
741,232,39,18
743,127,40,18
741,278,41,18
741,127,42,18
741,78,43,18
743,126,44,18
737,278,45,18
712,129,0,19
712,234,1,19
713,232,2,19
713,233,3,19
712,233,4,19
711,233,5,19
711,233,6,19
710,128,7,19
709,248,8,19
705,248,9,19
688,126,10,19
709,85,11,19
709,126,12,19
710,126,13,19
711,98,14,19
710,125,15,19
712,125,16,19
714,105,17,19
715,125,18,19
719,127,19,19
719,105,20,19
720,125,21,19
727,127,22,19
725,103,23,19
727,125,24,19
733,130,25,19
730,102,26,19
731,126,27,19
735,128,28,19
735,102,29,19
735,127,30,19
737,127,31,19
739,102,32,19
739,127,33,19
743,129,34,19
741,101,35,19
741,126,36,19
747,130,37,19
743,100,38,19
743,126,39,19
751,133,40,19
744,98,41,19
744,125,42,19
751,127,43,19
745,104,44,19
744,125,45,19
702,167,0,20
704,247,1,20
704,244,2,20
704,233,3,20
702,130,4,20
703,248,5,20
700,128,6,20
701,92,7,20
700,128,8,20
701,127,9,20
700,100,10,20
699,126,11,20
703,127,12,20
700,103,13,20
701,126,14,20
703,127,15,20
703,104,16,20
703,125,17,20
711,126,18,20
707,105,19,20
708,125,20,20
711,124,21,20
714,107,22,20
716,124,23,20
719,125,24,20
720,107,25,20
723,124,26,20
729,125,27,20
727,107,28,20
729,124,29,20
731,125,30,20
733,108,31,20
734,124,32,20
735,124,33,20
736,108,34,20
737,124,35,20
738,124,36,20
740,108,37,20
739,124,38,20
740,125,39,20
740,108,40,20
740,124,41,20
740,124,42,20
741,107,43,20
740,124,44,20
741,124,45,20
699,248,0,21
701,248,1,21
702,248,2,21
703,248,3,21
703,244,4,21
705,233,5,21
705,129,6,21
707,249,7,21
702,249,8,21
706,128,9,21
706,82,10,21
706,128,11,21
702,128,12,21
706,94,13,21
706,126,14,21
709,127,15,21
708,102,16,21
710,125,17,21
715,125,18,21
711,106,19,21
713,124,20,21
717,125,21,21
716,107,22,21
719,124,23,21
722,124,24,21
723,109,25,21
724,124,26,21
727,124,27,21
729,109,28,21
730,125,29,21
735,127,30,21
734,105,31,21
735,126,32,21
737,126,33,21
738,104,34,21
738,125,35,21
736,125,36,21
740,107,37,21
741,125,38,21
742,126,39,21
743,105,40,21
743,229,41,21
743,232,42,21
745,233,43,21
746,128,44,21
747,127,45,21
710,249,0,22
711,249,1,22
711,248,2,22
710,249,3,22
710,239,4,22
708,233,5,22
710,128,6,22
710,249,7,22
706,250,8,22
707,126,9,22
710,83,10,22
710,126,11,22
708,312,12,22
709,125,13,22
708,126,14,22
708,123,15,22
709,124,16,22
710,124,17,22
710,111,18,22
712,124,19,22
715,125,20,22
714,107,21,22
716,124,22,22
719,126,23,22
719,107,24,22
722,124,25,22
726,125,26,22
726,107,27,22
729,124,28,22
733,125,29,22
733,107,30,22
734,124,31,22
735,124,32,22
736,108,33,22
737,124,34,22
738,124,35,22
741,109,36,22
740,124,37,22
741,125,38,22
742,108,39,22
743,124,40,22
744,124,41,22
744,109,42,22
743,124,43,22
745,125,44,22
744,108,45,22
710,248,0,23
711,82,1,23
713,222,2,23
712,233,3,23
710,233,4,23
710,233,5,23
711,127,6,23
711,249,7,23
707,249,8,23
712,125,9,23
711,84,10,23
712,125,11,23
711,127,12,23
712,100,13,23
711,125,14,23
717,126,15,23
712,104,16,23
713,124,17,23
715,125,18,23
714,108,19,23
715,124,20,23
718,125,21,23
718,107,22,23
720,124,23,23
722,124,24,23
724,108,25,23
725,124,26,23
727,124,27,23
730,107,28,23
730,124,29,23
733,124,30,23
735,108,31,23
735,124,32,23
739,125,33,23
739,108,34,23
741,124,35,23
742,124,36,23
743,108,37,23
744,125,38,23
751,125,39,23
745,106,40,23
746,124,41,23
746,124,42,23
746,107,43,23
747,124,44,23
747,125,45,23
712,248,0,24
712,248,1,24
712,248,2,24
711,248,3,24
710,242,4,24
711,233,5,24
711,130,6,24
715,249,7,24
708,249,8,24
713,127,9,24
713,82,10,24
712,127,11,24
709,130,12,24
713,95,13,24
713,126,14,24
715,128,15,24
713,101,16,24
713,126,17,24
714,126,18,24
715,104,19,24
716,126,20,24
719,127,21,24
717,103,22,24
719,125,23,24
721,125,24,24
723,105,25,24
724,125,26,24
731,126,27,24
728,106,28,24
730,125,29,24
735,125,30,24
734,105,31,24
736,125,32,24
739,125,33,24
739,107,34,24
741,124,35,24
742,124,36,24
743,108,37,24
743,123,38,24
745,124,39,24
746,108,40,24
747,123,41,24
747,124,42,24
747,109,43,24
747,124,44,24
748,124,45,24
712,248,0,25
714,248,1,25
713,247,2,25
713,234,3,25
712,248,4,25
712,243,5,25
714,233,6,25
714,232,7,25
714,233,8,25
712,233,9,25
712,130,10,25
717,250,11,25
706,249,12,25
710,127,13,25
711,80,14,25
714,127,15,25
713,126,16,25
713,95,17,25
714,127,18,25
717,127,19,25
715,102,20,25
716,125,21,25
719,126,22,25
718,104,23,25
720,126,24,25
722,126,25,25
723,104,26,25
725,126,27,25
731,127,28,25
728,103,29,25
731,126,30,25
734,126,31,25
735,105,32,25
737,125,33,25
743,126,34,25
740,105,35,25
741,125,36,25
743,125,37,25
743,105,38,25
744,125,39,25
751,125,40,25
745,106,41,25
747,125,42,25
747,125,43,25
746,106,44,25
747,125,45,25
715,168,0,26
712,248,1,26
713,244,2,26
714,233,3,26
715,233,4,26
714,233,5,26
713,233,6,26
713,233,7,26
714,233,8,26
714,129,9,26
717,253,10,26
710,251,11,26
714,128,12,26
714,80,13,26
713,216,14,26
712,232,15,26
713,233,16,26
715,232,17,26
714,138,18,26
711,310,19,26
713,248,20,26
716,234,21,26
718,232,22,26
718,129,23,26
723,311,24,26
720,126,25,26
721,311,26,26
722,288,27,26
726,232,28,26
726,232,29,26
728,232,30,26
732,232,31,26
735,233,32,26
736,233,33,26
736,127,34,26
739,311,35,26
741,126,36,26
742,126,37,26
743,125,38,26
743,126,39,26
744,126,40,26
743,114,41,26
745,125,42,26
751,128,43,26
745,105,44,26
746,125,45,26
714,167,0,27
713,250,1,27