light,dist,x,y
2,16,34,0
623,16,35,0
621,16,36,0
621,16,37,0
625,16,38,0
625,16,39,0
625,16,40,0
626,16,41,0
620,15,32,0
621,15,33,0
622,16,34,0
623,16,35,0
621,16,36,0
621,16,37,0
625,16,38,0
625,16,39,0
625,16,40,0
626,16,41,0
616,15,0,0
612,16,1,0
611,16,2,0
611,16,3,0
610,16,4,0
611,16,5,0
612,16,6,0
610,16,7,0
610,16,8,0
612,16,9,0
613,15,10,0
612,16,11,0
608,16,12,0
614,16,13,0
614,16,14,0
613,15,15,0
614,15,16,0
616,15,17,0
616,15,18,0
616,15,19,0
617,15,20,0
618,15,21,0
617,15,22,0
617,15,23,0
620,15,24,0
618,16,25,0
618,15,26,0
620,15,27,0
621,15,28,0
621,15,29,0
618,15,30,0
622,16,31,0
624,16,32,0
623,16,33,0
622,16,34,0
624,16,35,0
626,16,36,0
625,16,37,0
624,16,38,0
628,16,39,0
627,16,40,0
627,16,41,0
628,16,42,0
630,16,43,0
631,16,44,0
633,16,45,0
612,17,0,1
613,17,1,1
611,16,2,1
608,16,3,1
609,16,4,1
610,16,5,1
608,16,6,1
607,15,7,1
610,16,8,1
609,16,9,1
609,16,10,1
610,15,11,1
612,15,12,1
613,15,13,1
612,15,14,1
614,15,15,1
616,15,16,1
616,15,17,1
617,15,18,1
620,15,19,1
621,15,20,1
621,15,21,1
620,16,22,1
624,15,23,1
623,15,24,1
622,15,25,1
624,15,26,1
620,15,27,1
626,16,28,1
627,16,29,1
627,16,30,1
629,16,31,1
628,16,32,1
627,16,33,1
629,16,34,1
631,16,35,1
630,16,36,1
631,16,37,1
634,16,38,1
634,16,39,1
630,16,40,1
635,16,41,1
636,16,42,1
635,16,43,1
635,16,44,1
638,17,45,1
614,17,0,2
616,17,1,2
615,16,2,2
616,16,3,2
614,16,4,2
613,16,5,2
602,16,6,2
614,16,7,2
613,16,8,2
612,15,9,2
613,15,10,2
616,15,11,2
616,15,12,2
615,15,13,2
616,15,14,2
618,15,15,2
617,15,16,2
616,15,17,2
618,15,18,2
619,15,19,2
618,15,20,2
618,15,21,2
621,15,22,2
621,15,23,2
619,15,24,2
621,15,25,2
622,16,26,2
622,15,27,2
622,16,28,2
624,16,29,2
626,15,30,2
625,16,31,2
626,16,32,2
629,16,33,2
628,16,34,2
627,16,35,2
627,16,36,2
627,16,37,2
628,16,38,2
628,16,39,2
629,16,40,2
631,16,41,2
629,16,42,2
630,17,43,2
632,16,44,2
632,16,45,2
612,16,0,3
610,16,1,3
613,16,2,3
613,16,3,3
612,16,4,3
612,16,5,3
613,16,6,3
614,16,7,3
613,16,8,3
614,16,9,3
616,16,10,3
615,16,11,3
615,16,12,3
617,16,13,3
617,16,14,3
616,16,15,3
616,16,16,3
620,16,17,3
619,16,18,3
618,16,19,3
620,16,20,3
622,16,21,3
620,16,22,3
620,16,23,3
623,16,24,3
624,16,25,3
621,16,26,3
622,16,27,3
624,16,28,3
622,16,29,3
622,16,30,3
624,16,31,3
626,16,32,3
625,16,33,3
624,16,34,3
626,16,35,3
627,16,36,3
626,16,37,3
627,16,38,3
629,16,39,3
628,16,40,3
628,16,41,3
633,17,42,3
631,17,43,3
631,17,44,3
630,16,45,3
613,17,0,4
614,18,1,4
614,39,2,4
613,40,3,4
615,93,4,4
615,144,5,4
616,19,6,4
613,18,7,4
615,18,8,4
617,17,9,4
615,17,10,4
616,16,11,4
618,16,12,4
619,15,13,4
618,15,14,4
619,15,15,4
621,15,16,4
621,15,17,4
619,15,18,4
621,15,19,4
623,15,20,4
623,15,21,4
622,15,22,4
624,15,23,4
624,15,24,4
623,15,25,4
623,15,26,4
625,15,27,4
625,15,28,4
623,15,29,4
625,15,30,4
627,15,31,4
627,15,32,4
624,16,33,4
627,16,34,4
627,16,35,4
626,15,36,4
626,16,37,4
629,16,38,4
629,16,39,4
628,17,40,4
631,18,41,4
630,50,42,4
629,50,43,4
631,52,44,4
630,50,45,4
615,17,0,5
615,17,1,5
614,17,2,5
614,17,3,5
616,17,4,5
616,17,5,5
613,17,6,5
616,17,7,5
616,17,8,5
615,17,9,5
616,17,10,5
619,17,11,5
619,17,12,5
618,17,13,5
620,17,14,5
621,17,15,5
621,16,16,5
620,16,17,5
622,16,18,5
623,16,19,5
621,16,20,5
621,16,21,5
625,16,22,5
624,16,23,5
623,16,24,5
625,16,25,5
625,16,26,5
625,16,27,5
625,15,28,5
626,15,29,5
626,15,30,5
625,15,31,5
626,15,32,5
628,15,33,5
626,15,34,5
625,15,35,5
627,15,36,5
628,15,37,5
628,16,38,5
626,16,39,5
630,16,40,5
630,16,41,5
628,16,42,5
630,16,43,5
633,16,44,5
632,16,45,5
613,16,0,6
613,16,1,6
615,16,2,6
615,16,3,6
613,16,4,6
615,16,5,6
617,16,6,6
616,16,7,6
616,16,8,6
618,16,9,6
619,16,10,6
618,16,11,6
618,16,12,6
623,16,13,6
621,16,14,6
620,16,15,6
621,16,16,6
623,16,17,6
616,17,18,6
622,17,19,6
626,17,20,6
626,16,21,6
624,16,22,6
626,16,23,6
628,16,24,6
627,16,25,6
627,17,26,6
629,16,27,6
629,16,28,6
628,16,29,6
627,16,30,6
628,16,31,6
629,16,32,6
627,16,33,6
628,16,34,6
630,16,35,6
627,16,36,6
626,16,37,6
625,16,38,6
625,16,39,6
622,16,40,6
622,16,41,6
624,16,42,6
624,16,43,6
621,17,44,6
624,16,45,6
613,17,0,7
614,17,1,7
613,16,2,7
613,16,3,7
614,16,4,7
615,16,5,7
612,16,6,7
613,16,7,7
616,16,8,7
615,16,9,7
612,16,10,7
616,16,11,7
617,16,12,7
616,16,13,7
617,16,14,7
618,16,15,7
618,16,16,7
617,17,17,7
619,16,18,7
621,17,19,7
620,17,20,7
621,17,21,7
622,17,22,7
621,17,23,7
620,17,24,7
622,17,25,7
623,17,26,7
622,17,27,7
622,17,28,7
625,17,29,7
624,16,30,7
623,16,31,7
623,16,32,7
625,16,33,7
623,16,34,7
623,16,35,7
623,16,36,7
625,16,37,7
624,16,38,7
624,16,39,7
625,16,40,7
625,16,41,7
624,16,42,7
625,16,43,7
627,16,44,7
625,16,45,7
611,17,0,8
613,17,1,8
613,17,2,8
612,17,3,8
612,17,4,8
614,16,5,8
614,16,6,8
612,16,7,8
613,16,8,8
615,16,9,8
617,16,10,8
614,16,11,8
616,16,12,8
618,16,13,8
617,16,14,8
615,16,15,8
619,16,16,8
619,17,17,8
618,17,18,8
618,17,19,8
621,17,20,8
621,17,21,8
619,17,22,8
621,17,23,8
622,17,24,8
621,17,25,8
622,17,26,8
623,17,27,8
612,17,28,8
621,16,29,8
624,16,30,8
624,16,31,8
622,16,32,8
622,16,33,8
624,16,34,8
624,16,35,8
623,16,36,8
623,16,37,8
624,16,38,8
623,16,39,8
623,16,40,8
625,17,41,8
624,16,42,8
623,16,43,8
624,17,44,8
626,17,45,8
613,17,0,9
612,17,1,9
611,17,2,9
614,17,3,9
613,17,4,9
612,16,5,9
614,17,6,9
614,17,7,9
613,17,8,9
612,17,9,9
615,16,10,9
615,17,11,9
613,17,12,9
615,16,13,9
617,17,14,9
615,17,15,9
616,16,16,9
618,17,17,9
618,16,18,9
617,16,19,9
618,17,20,9
621,17,21,9
620,17,22,9
619,17,23,9
620,17,24,9
622,17,25,9
621,18,26,9
621,17,27,9
623,17,28,9
623,17,29,9
621,17,30,9
623,17,31,9
624,17,32,9
624,17,33,9
622,17,34,9
624,17,35,9
623,16,36,9
622,17,37,9
623,17,38,9
625,17,39,9
624,17,40,9
624,17,41,9
625,17,42,9
625,17,43,9
624,17,44,9
624,17,45,9
613,17,0,10
614,17,1,10
614,17,2,10
613,17,3,10
614,17,4,10
614,16,5,10
613,17,6,10
614,17,7,10
616,17,8,10
614,17,9,10
614,16,10,10
616,17,11,10
617,17,12,10
616,17,13,10
619,17,14,10
619,17,15,10
618,17,16,10
618,18,17,10
620,18,18,10
621,18,19,10
618,18,20,10
621,18,21,10
623,18,22,10
621,18,23,10
622,18,24,10
624,17,25,10
623,17,26,10
622,17,27,10
619,17,28,10
626,17,29,10
624,17,30,10
624,16,31,10
625,16,32,10
625,16,33,10
624,16,34,10
626,16,35,10
629,17,36,10
624,16,37,10
624,16,38,10
627,16,39,10
626,17,40,10
622,17,41,10
626,17,42,10
627,17,43,10
626,16,44,10
625,17,45,10
611,17,0,11
612,17,1,11
611,17,2,11
610,17,3,11
612,17,4,11
612,17,5,11
610,17,6,11
610,17,7,11
613,17,8,11
612,17,9,11
613,17,10,11
613,17,11,11
614,17,12,11
613,17,13,11
614,17,14,11
615,18,15,11
616,18,16,11
616,17,17,11
618,17,18,11
619,17,19,11
619,17,20,11
620,17,21,11
622,17,22,11
620,17,23,11
622,17,24,11
624,17,25,11
625,17,26,11
623,17,27,11
625,17,28,11
628,17,29,11
627,18,30,11
626,17,31,11
629,17,32,11
629,17,33,11
629,16,34,11
630,17,35,11
628,17,36,11
630,17,37,11
630,17,38,11
631,17,39,11
632,17,40,11
629,17,41,11
631,17,42,11
631,17,43,11
630,17,44,11
629,17,45,11
617,18,0,12
619,18,1,12
617,18,2,12
616,17,3,12
617,18,4,12
618,18,5,12
616,17,6,12
617,18,7,12
618,18,8,12
617,18,9,12
617,18,10,12
618,18,11,12
619,18,12,12
618,18,13,12
619,18,14,12
619,18,15,12
620,18,16,12
620,18,17,12
622,18,18,12
623,18,19,12
622,18,20,12
622,18,21,12
624,18,22,12
623,18,23,12
624,17,24,12
625,17,25,12
624,18,26,12
624,18,27,12
626,17,28,12
627,17,29,12
626,17,30,12
627,17,31,12
629,17,32,12
629,18,33,12
627,17,34,12
630,17,35,12
630,17,36,12
629,17,37,12
629,18,38,12
630,18,39,12
630,18,40,12
630,18,41,12
632,17,42,12
632,17,43,12
630,17,44,12
631,17,45,12
619,20,0,13
619,98,1,13
620,144,2,13
619,147,3,13
617,147,4,13
616,488,5,13
619,19,6,13
617,18,7,13
618,17,8,13
620,17,9,13
617,18,10,13
618,17,11,13
620,17,12,13
620,16,13,13
619,17,14,13
621,17,15,13
623,17,16,13
621,17,17,13
622,16,18,13
624,17,19,13
624,17,20,13
622,17,21,13
624,17,22,13
624,17,23,13
624,17,24,13
625,17,25,13
626,17,26,13
627,17,27,13
625,17,28,13
626,17,29,13
628,17,30,13
626,18,31,13
626,18,32,13
628,18,33,13
628,18,34,13
627,19,35,13
628,20,36,13
628,20,37,13
626,23,38,13
627,23,39,13
629,24,40,13
627,96,41,13
628,96,42,13
629,95,43,13
628,24,44,13
628,24,45,13
618,19,0,14
618,19,1,14
620,18,2,14
619,18,3,14
617,18,4,14
619,18,5,14
620,18,6,14
619,17,7,14
619,17,8,14
620,17,9,14
619,17,10,14
618,17,11,14
621,17,12,14
621,17,13,14
620,17,14,14
621,17,15,14
622,17,16,14
622,17,17,14
622,17,18,14
623,17,19,14
624,17,20,14
623,17,21,14
624,17,22,14
626,16,23,14
626,17,24,14
623,17,25,14
627,17,26,14
627,17,27,14
626,17,28,14
628,17,29,14
628,17,30,14
628,17,31,14
626,17,32,14
628,17,33,14
629,17,34,14
628,17,35,14
627,17,36,14
629,17,37,14
628,17,38,14
628,17,39,14
629,17,40,14
628,18,41,14
627,18,42,14
628,18,43,14
630,18,44,14
629,19,45,14
618,40,0,15
620,22,1,15
619,19,2,15
617,20,3,15
618,42,4,15
618,42,5,15
617,22,6,15
619,21,7,15
618,20,8,15
617,23,9,15
619,19,10,15
620,18,11,15
617,18,12,15
619,18,13,15
620,18,14,15
618,18,15,15
618,18,16,15
622,18,17,15
621,18,18,15
620,17,19,15
622,17,20,15
623,17,21,15
622,18,22,15
623,20,23,15
626,20,24,15
632,20,25,15
640,21,26,15
649,58,27,15
653,161,28,15
660,115,29,15
662,97,30,15
661,58,31,15
664,97,32,15
666,98,33,15
666,54,34,15
664,57,35,15
666,57,36,15
661,98,37,15
663,55,38,15
668,97,39,15
666,97,40,15
665,97,41,15
664,97,42,15
663,58,43,15
666,56,44,15
662,56,45,15
667,148,0,16
669,149,1,16
667,148,2,16
668,148,3,16
669,149,4,16
671,149,5,16
672,149,6,16
671,149,7,16
670,149,8,16
672,149,9,16
674,149,10,16
674,149,11,16
672,149,12,16
672,148,13,16
674,149,14,16
675,149,15,16
674,149,16,16
674,149,17,16
674,150,18,16
676,149,19,16
675,150,20,16
675,150,21,16
673,151,22,16
674,162,23,16
675,152,24,16
671,163,25,16
672,58,26,16
677,57,27,16
679,58,28,16
681,92,29,16
684,98,30,16
683,57,31,16
678,55,32,16
677,56,33,16
672,58,34,16
671,96,35,16
671,56,36,16
668,55,37,16
670,54,38,16
668,54,39,16
667,54,40,16
666,54,41,16
664,54,42,16
665,54,43,16
662,54,44,16
662,54,45,16
655,68,0,17
658,208,1,17
656,57,2,17
658,57,3,17
657,56,4,17
656,55,5,17
656,56,6,17
653,53,7,17
653,52,8,17
650,52,9,17
653,41,10,17
651,33,11,17
651,29,12,17
650,37,13,17
649,37,14,17
650,58,15,17
648,40,16,17
650,62,17,17
655,112,18,17
656,35,19,17
658,57,20,17
654,60,21,17
650,111,22,17
653,111,23,17
653,60,24,17
653,110,25,17
653,110,26,17
654,109,27,17
655,113,28,17
656,112,29,17
655,113,30,17
659,61,31,17
662,58,32,17
661,59,33,17
663,59,34,17
664,61,35,17
664,62,36,17
668,98,37,17
667,98,38,17
667,98,39,17
666,98,40,17
668,96,41,17
669,96,42,17
670,96,43,17
671,96,44,17
670,97,45,17
656,37,0,18
657,54,1,18
654,41,2,18
655,53,3,18
652,54,4,18
655,55,5,18
652,56,6,18
655,54,7,18
653,55,8,18
654,54,9,18
653,54,10,18
656,54,11,18
655,54,12,18
655,54,13,18
656,54,14,18
654,54,15,18
657,54,16,18
655,55,17,18
658,54,18,18
656,54,19,18
658,54,20,18
657,53,21,18
658,54,22,18
659,54,23,18
659,55,24,18
661,54,25,18
659,55,26,18
662,55,27,18
659,56,28,18
662,55,29,18
661,56,30,18
664,56,31,18
664,56,32,18
663,60,33,18
665,115,34,18
666,114,35,18
666,114,36,18
667,98,37,18
667,101,38,18
666,64,39,18
669,115,40,18
669,99,41,18
670,115,42,18
670,89,43,18
665,90,44,18
668,64,45,18
651,53,0,19
649,53,1,19
651,52,2,19
650,53,3,19
652,54,4,19
651,54,5,19
652,54,6,19
653,54,7,19
652,55,8,19
654,54,9,19
652,55,10,19
655,54,11,19
655,55,12,19
656,54,13,19
654,55,14,19
656,55,15,19
655,55,16,19
655,55,17,19
656,55,18,19
656,55,19,19
657,54,20,19
655,56,21,19
658,56,22,19
654,90,23,19
656,54,24,19
657,85,25,19
656,66,26,19
656,64,27,19
658,61,28,19
657,60,29,19
659,61,30,19
659,61,31,19
658,58,32,19
660,61,33,19
657,61,34,19
660,63,35,19
658,58,36,19
660,67,37,19
660,68,38,19
657,68,39,19
659,97,40,19
659,67,41,19
658,68,42,19
659,68,43,19
656,69,44,19
656,69,45,19
620,12,0,20
618,11,1,20
618,12,2,20
618,13,3,20
620,31,4,20
618,32,5,20
620,32,6,20
621,32,7,20
620,32,8,20
623,14,9,20
623,12,10,20
623,11,11,20
626,11,12,20
628,11,13,20
627,11,14,20
626,11,15,20
628,11,16,20
629,11,17,20
629,33,18,20
627,33,19,20
630,32,20,20
627,32,21,20
626,33,22,20
629,32,23,20
627,33,24,20
627,33,25,20
626,12,26,20
626,10,27,20
629,10,28,20
633,10,29,20
631,10,30,20
632,10,31,20
635,11,32,20
637,10,33,20
634,10,34,20
627,9,35,20
631,9,36,20
636,9,37,20
631,10,38,20
628,8,39,20
627,9,40,20
627,8,41,20
628,7,42,20
626,8,43,20
627,7,44,20
629,30,45,20
637,7,0,21
637,5,1,21
634,6,2,21
633,7,3,21
633,6,4,21
635,7,5,21
638,4,6,21
638,5,7,21
638,5,8,21
638,5,9,21
640,5,10,21
639,5,11,21
639,6,12,21
638,4,13,21
634,5,14,21
633,6,15,21
634,6,16,21
633,6,17,21
632,6,18,21
631,7,19,21
631,6,20,21
632,5,21,21
633,6,22,21
636,7,23,21
639,7,24,21
641,8,25,21
642,8,26,21
638,9,27,21
655,12,28,21
671,15,29,21
673,55,30,21
673,471,31,21
673,43,32,21
672,50,33,21
671,54,34,21
670,55,35,21
667,59,36,21
669,57,37,21
667,59,38,21
670,59,39,21
664,63,40,21
664,58,41,21
664,55,42,21
663,59,43,21
665,60,44,21
656,60,45,21
665,55,0,22
664,57,1,22
666,75,2,22
666,74,3,22
664,62,4,22
668,245,5,22
669,56,6,22
666,58,7,22
669,59,8,22
673,57,9,22
679,66,10,22
682,59,11,22
681,61,12,22
684,58,13,22
683,66,14,22
686,58,15,22
686,345,16,22
685,148,17,22
685,147,18,22
686,760,19,22
686,759,20,22
686,759,21,22
686,361,22,22
687,71,23,22
684,69,24,22
684,60,25,22
687,58,26,22
684,58,27,22
686,59,28,22
680,67,29,22
684,57,30,22
685,60,31,22
683,60,32,22
680,67,33,22
682,60,34,22
683,59,35,22
683,60,36,22
682,59,37,22
684,60,38,22
680,59,39,22
682,59,40,22
681,66,41,22
679,66,42,22
682,67,43,22
679,67,44,22
675,68,45,22
688,57,0,23
688,57,1,23
689,67,2,23
686,64,3,23
687,66,4,23
686,65,5,23
684,760,6,23
670,61,7,23
666,57,8,23
666,57,9,23
664,59,10,23
664,90,11,23
664,49,12,23
662,51,13,23
665,760,14,23
662,411,15,23
663,68,16,23
665,68,17,23
662,70,18,23
664,68,19,23
666,68,20,23
667,70,21,23
665,58,22,23
668,57,23,23
666,59,24,23
668,60,25,23
668,59,26,23
667,56,27,23
669,59,28,23
668,58,29,23
666,58,30,23
668,58,31,23
670,59,32,23
670,59,33,23
669,59,34,23
671,60,35,23
669,59,36,23
671,60,37,23
669,67,38,23
669,66,39,23
671,67,40,23
669,67,41,23
664,67,42,23
670,66,43,23
669,67,44,23
670,67,45,23
660,48,0,24
663,48,1,24
660,49,2,24
663,48,3,24
660,49,4,24
662,49,5,24
660,50,6,24
662,49,7,24
661,50,8,24
663,50,9,24
662,48,10,24
663,49,11,24
663,65,12,24
659,323,13,24
664,64,14,24
661,64,15,24
661,315,16,24
665,39,17,24
669,38,18,24
663,40,19,24
658,58,20,24
656,63,21,24
653,57,22,24
651,60,23,24
652,54,24,24
651,56,25,24
660,69,26,24
670,66,27,24
672,65,28,24
676,65,29,24
672,57,30,24
676,65,31,24
677,65,32,24
675,68,33,24
676,68,34,24
676,63,35,24
675,65,36,24
676,67,37,24
673,69,38,24
675,70,39,24
675,68,40,24
673,69,41,24
674,68,42,24
674,69,43,24
672,68,44,24
674,68,45,24
688,41,0,25
689,40,1,25
688,53,2,25
689,61,3,25
686,49,4,25
688,43,5,25
686,45,6,25
687,46,7,25
684,57,8,25
687,567,9,25
685,39,10,25
686,58,11,25
684,42,12,25
685,112,13,25
684,55,14,25
685,53,15,25
687,56,16,25
684,50,17,25
686,52,18,25
684,55,19,25
686,53,20,25
684,55,21,25
686,54,22,25
684,55,23,25
684,56,24,25
684,55,25,25
683,52,26,25
684,49,27,25
682,46,28,25
683,48,29,25
680,69,30,25
682,46,31,25
680,46,32,25
682,46,33,25
678,68,34,25
679,45,35,25
677,45,36,25
678,44,37,25
676,45,38,25
677,46,39,25
674,49,40,25
677,70,41,25
675,69,42,25
674,69,43,25
675,70,44,25
673,47,45,25
690,40,0,26
686,40,1,26
689,40,2,26
688,40,3,26
688,40,4,26
688,40,5,26
687,40,6,26
689,41,7,26
686,41,8,26
690,47,9,26
688,60,10,26
687,326,11,26
688,47,12,26
691,46,13,26
689,55,14,26
690,46,15,26
688,47,16,26
689,303,17,26
689,148,18,26
688,488,19,26
690,148,20,26
688,147,21,26
687,60,22,26
689,59,23,26
683,323,24,26
687,60,25,26
687,759,26,26
682,307,27,26
685,147,28,26
686,60,29,26
683,60,30,26
685,60,31,26
682,61,32,26
685,62,33,26
684,63,34,26
679,100,35,26
683,45,36,26
683,45,37,26
682,45,38,26
680,46,39,26
681,44,40,26
680,44,41,26
678,45,42,26
680,46,43,26
682,47,44,26
679,47,45,26
690,121,0,27
690,171,1,27
690,147,2,27
688,147,3,27
688,42,4,27
688,42,5,27
686,40,6,27
689,42,7,27
687,58,8,27
684,322,9,27
687,149,10,27
687,59,11,27
687,760,12,27
686,306,13,27
688,63,14,27
687,66,15,27
682,313,16,27
687,67,17,27
685,228,18,27
687,760,19,27
686,759,20,27
688,291,21,27
687,148,22,27
686,760,23,27
687,759,24,27
686,289,25,27
687,148,26,27
688,147,27,27
687,147,28,27
685,147,29,27
685,61,30,27
686,61,31,27
680,63,32,27
683,58,33,27
685,58,34,27
683,60,35,27
682,62,36,27
682,60,37,27
683,62,38,27
683,62,39,27
680,63,40,27
681,64,41,27
680,64,42,27
678,64,43,27
676,325,44,27
677,65,45,27
691,46,0,28
689,39,1,28
687,59,2,28
680,39,3,28
673,37,4,28
667,35,5,28
663,40,6,28