light,dist,x,y
669,233,0,0
665,275,1,0
664,194,2,0
665,228,3,0
669,234,4,0
662,246,5,0
659,245,6,0
657,235,7,0
657,207,8,0
654,245,9,0
652,245,10,0
651,236,11,0
651,233,12,0
652,233,13,0
653,233,14,0
653,233,15,0
651,233,16,0
651,232,17,0
653,233,18,0
654,233,19,0
654,233,20,0
654,233,21,0
654,233,22,0
657,233,23,0
658,233,24,0
657,42,25,0
656,40,26,0
658,40,27,0
658,40,28,0
654,41,29,0
658,40,30,0
654,40,31,0
655,39,32,0
653,39,33,0
655,39,34,0
654,38,35,0
655,38,36,0
656,37,37,0
655,37,38,0
657,37,39,0
655,37,40,0
657,38,41,0
655,37,42,0
653,39,43,0
657,38,44,0
655,36,45,0
687,73,0,1
684,238,1,1
686,235,2,1
687,233,3,1
688,234,4,1
688,233,5,1
686,233,6,1
686,233,7,1
688,233,8,1
689,234,9,1
688,233,10,1
687,233,11,1
685,234,12,1
686,232,13,1
686,233,14,1
686,233,15,1
684,50,16,1
686,83,17,1
686,224,18,1
684,233,19,1
685,233,20,1
686,165,21,1
686,247,22,1
686,247,23,1
685,47,24,1
688,44,25,1
680,268,26,1
687,267,27,1
690,46,28,1
694,45,29,1
693,42,30,1
696,124,31,1
696,230,32,1
696,39,33,1
696,38,34,1
696,274,35,1
698,37,36,1
701,40,37,1
700,275,38,1
700,246,39,1
699,52,40,1
700,49,41,1
698,53,42,1
699,58,43,1
698,64,44,1
698,71,45,1
704,96,0,2
703,245,1,2
703,243,2,2
704,234,3,2
706,233,4,2
708,234,5,2
709,233,6,2
709,233,7,2
709,234,8,2
711,233,9,2
713,233,10,2
714,233,11,2
713,233,12,2
712,233,13,2
714,233,14,2
716,233,15,2
717,233,16,2
717,233,17,2
716,233,18,2
718,233,19,2
720,233,20,2
720,233,21,2
720,232,22,2
718,233,23,2
719,232,24,2
720,233,25,2
721,233,26,2
721,233,27,2
719,232,28,2
720,234,29,2
721,232,30,2
722,233,31,2
722,233,32,2
720,233,33,2
719,233,34,2
721,233,35,2
722,233,36,2
721,233,37,2
719,233,38,2
720,233,39,2
720,233,40,2
721,233,41,2
721,232,42,2
719,233,43,2
717,233,44,2
717,233,45,2
657,2,0,3
655,3,1,3
652,3,2,3
652,3,3,3
655,3,4,3
654,3,5,3
653,3,6,3
651,3,7,3
646,3,8,3
640,3,9,3
634,3,10,3
631,3,11,3
630,3,12,3
627,3,13,3
624,3,14,3
624,3,15,3
624,3,16,3
624,3,17,3
630,3,18,3
635,3,19,3
640,3,20,3
644,3,21,3
648,3,22,3
650,3,23,3
651,3,24,3
651,3,25,3
651,3,26,3
644,3,27,3
640,3,28,3
649,3,29,3
653,3,30,3
655,3,31,3
656,3,32,3
659,3,33,3
659,3,34,3
656,3,35,3
658,3,36,3
659,3,37,3
663,3,38,3
661,3,39,3
661,3,40,3
660,3,41,3
659,3,42,3
661,3,43,3
662,3,44,3
662,3,45,3
646,3,0,4
648,3,1,4
647,3,2,4
647,3,3,4
648,3,4,4
648,3,5,4
648,3,6,4
648,3,7,4
649,3,8,4
650,3,9,4
652,3,10,4
652,3,11,4
651,2,12,4
648,3,13,4
649,3,14,4
651,3,15,4
652,3,16,4
653,3,17,4
653,3,18,4
652,3,19,4
653,3,20,4
655,3,21,4
655,3,22,4
655,3,23,4
654,3,24,4
653,3,25,4
655,3,26,4
656,3,27,4
654,3,28,4
656,3,29,4
656,3,30,4
656,3,31,4
658,3,32,4
659,3,33,4
663,3,34,4
658,3,35,4
657,3,36,4
659,3,37,4
660,3,38,4
660,3,39,4
659,3,40,4
658,3,41,4
658,3,42,4
659,3,43,4
660,3,44,4
660,3,45,4
651,3,0,5
649,3,1,5
648,3,2,5
648,3,3,5
647,3,4,5
647,3,5,5
644,3,6,5
642,3,7,5
643,2,8,5
643,3,9,5
644,3,10,5
643,3,11,5
641,3,12,5
640,3,13,5
641,3,14,5
642,3,15,5
642,3,16,5
640,3,17,5
639,3,18,5
639,3,19,5
639,3,20,5
641,3,21,5
639,3,22,5
638,3,23,5
635,3,24,5
638,3,25,5
639,3,26,5
639,3,27,5
638,3,28,5
637,3,29,5
636,3,30,5
637,3,31,5
637,3,32,5
636,2,33,5
635,3,34,5
634,3,35,5
636,3,36,5
638,3,37,5
638,3,38,5
637,3,39,5
635,3,40,5
634,3,41,5
634,3,42,5
634,3,43,5
633,3,44,5
631,3,45,5
663,52,0,6
669,52,1,6
667,157,2,6
670,233,3,6
674,233,4,6
679,233,5,6
683,233,6,6
683,233,7,6
680,57,8,6
681,78,9,6
682,224,10,6
681,233,11,6
681,57,12,6
681,79,13,6
679,57,14,6
678,62,15,6
679,227,16,6
676,233,17,6
673,56,18,6
673,60,19,6
671,242,20,6
670,233,21,6
670,59,22,6
672,59,23,6
672,60,24,6
672,74,25,6
670,60,26,6
672,57,27,6
671,62,28,6
670,41,29,6
673,260,30,6
674,233,31,6
674,233,32,6
673,233,33,6
673,233,34,6
673,50,35,6
674,50,36,6
675,50,37,6
673,50,38,6
674,52,39,6
673,51,40,6
672,36,41,6
674,35,42,6
675,34,43,6
673,34,44,6
676,34,45,6
688,35,0,7
685,35,1,7
690,35,2,7
689,34,3,7
691,35,4,7
691,36,5,7
690,37,6,7
691,153,7,7
690,59,8,7
692,58,9,7
689,59,10,7
691,60,11,7
689,247,12,7
690,7,13,7
690,7,14,7
691,345,15,7
690,7,16,7
693,7,17,7
693,344,18,7
689,7,19,7
691,7,20,7
691,344,21,7
691,7,22,7
693,7,23,7
694,345,24,7
693,7,25,7
693,7,26,7
695,345,27,7
693,7,28,7
696,7,29,7
698,344,30,7
695,233,31,7
697,233,32,7
699,233,33,7
701,233,34,7
701,233,35,7
700,233,36,7
696,233,37,7
694,233,38,7
694,233,39,7
693,233,40,7
693,233,41,7
692,233,42,7
693,232,43,7
694,233,44,7
692,233,45,7
685,44,0,8
686,37,1,8
683,38,2,8
683,38,3,8
686,39,4,8
689,39,5,8
693,43,6,8
695,88,7,8
698,225,8,8
702,233,9,8
705,234,10,8
706,233,11,8
708,233,12,8
712,233,13,8
715,233,14,8
718,233,15,8
718,233,16,8
718,233,17,8
718,233,18,8
721,233,19,8
721,233,20,8
722,232,21,8
721,233,22,8
720,233,23,8
721,233,24,8
723,233,25,8
722,233,26,8
721,233,27,8
721,233,28,8
722,233,29,8
723,233,30,8
723,233,31,8
722,232,32,8
721,233,33,8
722,233,34,8
724,233,35,8
724,233,36,8
722,233,37,8
721,233,38,8
722,233,39,8
723,233,40,8
724,233,41,8
723,233,42,8
721,233,43,8
721,233,44,8
723,232,45,8
711,77,0,9
710,246,1,9
711,233,2,9
712,233,3,9
713,233,4,9
712,233,5,9
712,233,6,9
712,234,7,9
713,233,8,9
715,233,9,9
714,233,10,9
713,233,11,9
713,233,12,9
714,233,13,9
716,233,14,9
716,232,15,9
715,233,16,9
714,233,17,9
716,233,18,9
717,233,19,9
717,233,20,9
717,233,21,9
715,233,22,9
716,233,23,9
718,233,24,9
718,233,25,9
717,233,26,9
717,233,27,9
717,233,28,9
718,233,29,9
719,233,30,9
719,233,31,9
717,233,32,9
717,233,33,9
719,233,34,9
720,233,35,9
719,233,36,9
718,233,37,9
717,233,38,9
719,233,39,9
720,233,40,9
719,232,41,9
718,233,42,9
718,232,43,9
720,233,44,9
720,233,45,9
707,70,0,10
707,227,1,10
709,233,2,10
709,259,3,10
709,233,4,10
708,233,5,10
708,232,6,10
709,233,7,10
711,233,8,10
711,233,9,10
710,232,10,10
709,233,11,10
710,232,12,10
712,233,13,10
712,233,14,10
712,232,15,10
711,232,16,10
712,232,17,10
714,233,18,10
714,232,19,10
714,233,20,10
713,232,21,10
712,233,22,10
715,233,23,10
715,232,24,10
715,233,25,10
714,233,26,10
713,232,27,10
715,233,28,10
716,232,29,10
716,232,30,10
715,233,31,10
715,232,32,10
716,232,33,10
717,233,34,10
717,232,35,10
716,232,36,10
715,233,37,10
716,232,38,10
718,233,39,10
719,232,40,10
716,233,41,10
716,233,42,10
716,232,43,10
718,232,44,10
718,232,45,10
701,274,0,11
703,275,1,11
703,275,2,11
701,275,3,11
704,265,4,11
705,233,5,11
705,233,6,11
703,233,7,11
704,233,8,11
705,233,9,11
706,233,10,11
706,232,11,11
705,232,12,11
705,233,13,11
706,232,14,11
707,233,15,11
707,232,16,11
708,232,17,11
708,233,18,11
708,233,19,11
709,232,20,11
708,203,21,11
707,261,22,11
706,233,23,11
707,232,24,11
708,232,25,11
708,232,26,11
706,232,27,11
705,232,28,11
705,232,29,11
707,233,30,11
706,232,31,11
705,232,32,11
704,233,33,11
704,233,34,11
706,232,35,11
705,233,36,11
703,232,37,11
700,34,38,11
701,27,39,11
694,26,40,11
679,6,41,11
662,6,42,11
640,6,43,11
623,2,44,11
611,5,45,11
600,3,0,12
601,3,1,12
602,3,2,12
603,3,3,12
602,3,4,12
600,3,5,12
600,3,6,12
601,3,7,12
603,3,8,12
602,3,9,12
600,3,10,12
600,3,11,12
601,3,12,12
601,3,13,12
602,3,14,12
601,3,15,12
600,3,16,12
600,3,17,12
601,3,18,12
601,3,19,12
601,3,20,12
600,3,21,12
600,3,22,12
600,3,23,12
601,3,24,12
602,3,25,12
600,3,26,12
600,3,27,12
601,3,28,12
600,3,29,12
602,3,30,12
600,3,31,12
600,3,32,12
599,3,33,12
601,3,34,12
601,3,35,12
602,3,36,12
601,3,37,12
599,3,38,12
600,3,39,12
601,3,40,12
601,3,41,12
600,3,42,12
600,3,43,12
600,3,44,12
601,3,45,12
600,3,0,13
601,3,1,13
600,3,2,13
597,3,3,13
598,3,4,13
600,3,5,13
601,3,6,13
601,3,7,13
600,3,8,13
599,3,9,13
599,3,10,13
601,3,11,13
601,3,12,13
600,3,13,13
599,3,14,13
600,3,15,13
601,3,16,13
601,3,17,13
600,3,18,13
599,3,19,13
600,3,20,13
600,3,21,13
601,3,22,13
600,3,23,13
600,3,24,13
599,3,25,13
599,3,26,13
601,3,27,13
601,3,28,13
600,3,29,13
599,3,30,13
598,3,31,13
600,3,32,13
600,3,33,13
599,3,34,13
600,3,35,13
599,3,36,13
599,3,37,13
601,3,38,13
600,3,39,13
600,3,40,13
599,3,41,13
599,3,42,13
601,3,43,13
601,3,44,13
600,3,45,13
600,3,0,14
599,3,1,14
598,3,2,14
600,3,3,14
601,3,4,14
599,3,5,14
599,3,6,14
599,3,7,14
601,4,8,14
602,3,9,14
602,3,10,14
600,3,11,14
600,3,12,14
601,3,13,14
601,3,14,14
601,3,15,14
600,3,16,14
600,3,17,14
600,3,18,14
601,3,19,14
601,4,20,14
601,3,21,14
600,3,22,14
599,3,23,14
601,3,24,14
601,3,25,14
601,3,26,14
600,3,27,14
599,3,28,14
600,3,29,14
601,3,30,14
601,3,31,14
600,3,32,14
600,3,33,14
599,3,34,14
601,3,35,14
601,3,36,14
600,3,37,14
600,3,38,14
599,3,39,14
600,3,40,14
600,3,41,14
601,3,42,14
600,3,43,14
599,3,44,14
600,3,45,14
598,3,0,15
599,3,1,15
599,3,2,15
598,3,3,15
597,3,4,15
597,3,5,15
597,3,6,15
596,3,7,15
597,3,8,15
596,3,9,15
595,3,10,15
596,3,11,15
597,3,12,15
597,3,13,15
596,3,14,15
595,3,15,15
596,4,16,15
596,3,17,15
597,3,18,15
595,4,19,15
594,3,20,15
594,3,21,15
593,3,22,15
595,3,23,15
593,3,24,15
590,4,25,15
587,3,26,15
587,3,27,15
588,4,28,15
586,3,29,15
585,4,30,15
585,4,31,15
587,3,32,15
590,3,33,15
589,3,34,15
586,3,35,15
584,3,36,15
586,3,37,15
589,4,38,15
589,4,39,15
591,5,40,15
589,4,41,15
579,2,42,15
577,3,43,15
593,3,44,15
600,6,45,15
754,227,0,16
740,258,1,16
735,233,2,16
737,233,3,16
738,233,4,16
739,233,5,16
733,233,6,16
726,233,7,16
722,233,8,16
718,233,9,16
720,233,10,16
722,233,11,16
722,233,12,16
723,232,13,16
722,233,14,16
727,232,15,16
760,232,16,16
763,233,17,16
762,232,18,16
759,232,19,16
759,233,20,16
759,232,21,16
761,233,22,16
759,232,23,16
753,232,24,16
731,233,25,16
730,233,26,16
729,232,27,16
728,233,28,16
726,233,29,16
725,232,30,16
730,233,31,16
739,201,32,16
740,264,33,16
744,233,34,16
748,232,35,16
749,233,36,16
749,232,37,16
747,232,38,16
744,233,39,16
739,233,40,16
738,5,41,16
736,5,42,16
736,277,43,16
737,5,44,16
737,6,45,16
736,4,0,17
736,4,1,17
734,4,2,17
736,4,3,17
737,4,4,17
738,4,5,17
736,4,6,17
735,4,7,17
737,4,8,17
737,4,9,17
739,4,10,17
738,4,11,17
737,4,12,17
737,4,13,17
738,4,14,17
738,4,15,17
738,4,16,17
737,4,17,17
734,4,18,17
737,4,19,17
738,4,20,17
732,4,21,17
737,4,22,17
736,4,23,17
731,4,24,17
739,4,25,17
738,4,26,17
732,4,27,17
736,4,28,17
736,4,29,17
737,4,30,17
737,4,31,17
736,4,32,17
732,5,33,17
735,4,34,17
736,4,35,17
736,4,36,17
735,4,37,17
734,4,38,17
734,5,39,17
735,4,40,17
735,4,41,17
734,5,42,17
733,4,43,17
733,4,44,17
734,4,45,17
736,4,0,18
732,4,1,18
738,4,2,18
737,4,3,18
732,4,4,18
738,4,5,18
739,4,6,18
738,4,7,18
736,4,8,18
734,4,9,18
735,4,10,18
736,4,11,18
737,4,12,18
737,4,13,18
737,4,14,18
738,4,15,18
740,4,16,18
740,4,17,18
739,4,18,18
738,4,19,18
738,4,20,18
739,4,21,18
740,4,22,18
740,4,23,18
738,4,24,18
739,4,25,18
740,4,26,18
741,4,27,18
740,4,28,18
739,4,29,18
740,4,30,18
740,4,31,18
742,4,32,18
742,4,33,18
741,4,34,18
740,4,35,18
742,4,36,18
743,4,37,18
743,4,38,18
741,4,39,18
741,4,40,18
741,4,41,18
743,4,42,18
743,4,43,18
742,4,44,18
741,4,45,18
741,4,0,19
742,4,1,19
742,4,2,19
742,4,3,19
742,4,4,19
740,4,5,19
741,4,6,19
742,4,7,19
743,4,8,19
743,4,9,19
741,4,10,19
741,4,11,19
742,4,12,19
743,4,13,19
742,4,14,19
741,4,15,19
741,4,16,19
742,4,17,19
743,4,18,19
742,4,19,19
741,4,20,19
741,4,21,19
742,4,22,19
743,4,23,19
742,4,24,19
741,4,25,19
740,4,26,19
741,4,27,19
743,4,28,19
743,4,29,19
742,4,30,19
740,4,31,19
741,4,32,19
740,4,33,19
743,4,34,19
742,4,35,19
740,4,36,19
741,4,37,19
742,4,38,19
742,4,39,19
742,4,40,19
740,4,41,19
741,4,42,19
742,4,43,19
743,4,44,19
742,4,45,19
742,4,0,20
742,4,1,20
742,4,2,20
743,4,3,20
742,4,4,20
743,4,5,20
742,4,6,20
720,4,7,20
742,4,8,20
743,4,9,20
743,4,10,20
742,4,11,20
741,4,12,20
742,4,13,20
743,4,14,20
743,4,15,20
737,5,16,20
741,4,17,20
741,4,18,20
739,5,19,20
743,4,20,20
742,4,21,20
743,5,22,20
741,4,23,20
742,4,24,20
743,4,25,20
742,4,26,20
740,4,27,20
741,5,28,20
743,4,29,20
743,4,30,20
743,4,31,20
741,4,32,20
742,4,33,20
743,4,34,20
743,4,35,20
743,4,36,20
741,4,37,20
741,4,38,20
742,4,39,20
743,4,40,20
743,4,41,20
741,4,42,20
740,4,43,20
742,4,44,20
743,4,45,20
740,4,0,21
740,4,1,21
738,4,2,21
737,4,3,21
738,4,4,21
739,4,5,21
739,4,6,21
739,4,7,21
737,4,8,21
738,4,9,21
739,4,10,21
740,4,11,21
738,4,12,21
737,4,13,21
737,4,14,21
738,4,15,21
739,4,16,21
738,6,17,21
737,4,18,21
737,4,19,21
738,4,20,21
739,4,21,21
739,4,22,21
737,4,23,21
736,4,24,21
738,4,25,21
739,4,26,21
738,4,27,21
737,4,28,21
737,4,29,21
738,4,30,21
739,4,31,21
738,4,32,21
737,4,33,21
736,4,34,21
737,4,35,21
739,4,36,21
739,4,37,21
738,4,38,21
737,4,39,21
738,4,40,21
738,4,41,21
739,4,42,21
739,4,43,21
737,4,44,21
738,4,45,21
739,4,0,22
740,4,1,22
741,4,2,22
740,4,3,22
738,4,4,22
738,4,5,22
740,4,6,22
741,4,7,22
740,4,8,22
739,4,9,22
739,4,10,22
740,4,11,22
740,4,12,22
741,4,13,22
739,4,14,22
738,4,15,22
740,4,16,22
741,4,17,22
741,4,18,22
739,4,19,22
739,4,20,22
739,4,21,22
740,4,22,22
741,4,23,22
740,4,24,22
739,4,25,22
739,4,26,22
740,4,27,22
734,4,28,22
740,4,29,22
739,4,30,22
739,4,31,22
740,4,32,22
741,4,33,22
740,4,34,22
739,4,35,22
738,4,36,22
739,5,37,22
741,4,38,22
740,4,39,22
743,5,40,22
738,4,41,22
739,4,42,22
741,5,43,22
740,4,44,22
739,4,45,22
739,4,0,23
738,4,1,23
732,4,2,23
740,4,3,23
740,4,4,23
730,4,5,23
738,4,6,23
738,4,7,23
740,4,8,23
740,4,9,23
739,4,10,23
741,5,11,23
739,4,12,23
740,4,13,23
740,4,14,23
739,4,15,23
738,4,16,23
738,4,17,23
739,4,18,23
740,4,19,23
740,4,20,23
738,4,21,23
738,4,22,23
739,4,23,23
740,4,24,23
739,4,25,23
738,4,26,23
738,4,27,23
740,4,28,23
740,4,29,23
740,4,30,23
739,4,31,23
738,4,32,23
738,4,33,23
739,4,34,23
740,4,35,23
739,4,36,23
737,4,37,23
738,4,38,23
740,4,39,23
740,4,40,23
739,4,41,23
737,4,42,23
738,4,43,23
739,4,44,23
740,4,45,23
743,6,0,24
738,4,1,24
737,4,2,24
738,4,3,24
738,4,4,24
739,4,5,24
739,4,6,24
737,4,7,24
738,4,8,24
739,4,9,24
740,4,10,24
739,4,11,24
737,4,12,24
737,4,13,24
738,4,14,24
739,4,15,24
739,4,16,24
737,4,17,24
736,4,18,24
738,4,19,24
739,4,20,24
739,4,21,24
738,4,22,24
738,4,23,24
737,4,24,24
738,4,25,24
739,4,26,24
739,4,27,24
738,4,28,24
738,4,29,24
739,4,30,24
740,4,31,24
739,4,32,24
738,4,33,24
738,4,34,24
739,4,35,24
739,4,36,24
737,4,37,24
737,4,38,24
738,4,39,24
738,4,40,24
739,4,41,24
739,4,42,24
738,4,43,24
737,4,44,24
738,4,45,24
744,4,0,25
744,4,1,25
743,4,2,25
742,4,3,25
743,4,4,25
743,4,5,25
744,4,6,25
744,4,7,25
743,4,8,25
742,4,9,25
743,4,10,25
721,4,11,25
745,4,12,25
744,4,13,25
736,4,14,25
743,4,15,25
743,4,16,25
736,4,17,25
742,4,18,25
741,4,19,25
735,5,20,25
741,4,21,25
742,4,22,25
737,4,23,25
740,4,24,25
741,4,25,25
742,4,26,25
742,4,27,25
742,4,28,25
747,5,29,25
741,4,30,25
741,4,31,25
743,4,32,25
743,4,33,25
741,4,34,25
740,4,35,25
741,4,36,25
742,4,37,25
741,4,38,25
741,4,39,25
740,4,40,25
740,4,41,25
742,4,42,25
743,4,43,25
742,4,44,25
741,4,45,25
704,4,0,26
742,4,1,26
743,4,2,26
743,5,3,26
743,4,4,26
741,4,5,26
741,4,6,26
743,4,7,26
743,4,8,26
742,4,9,26
742,4,10,26
741,4,11,26
742,4,12,26
743,4,13,26
742,4,14,26
741,4,15,26
741,4,16,26
742,4,17,26
743,4,18,26
742,4,19,26
741,4,20,26
740,4,21,26
742,4,22,26
742,4,23,26
743,4,24,26
742,4,25,26
740,4,26,26
741,4,27,26
742,4,28,26
742,4,29,26
742,4,30,26
740,4,31,26
741,4,32,26
742,4,33,26
742,4,34,26
741,4,35,26
740,4,36,26
740,4,37,26
742,4,38,26
742,4,39,26
742,4,40,26
740,4,41,26
740,4,42,26
742,4,43,26
742,4,44,26
742,4,45,26
734,4,0,27
732,4,1,27
732,4,2,27
733,4,3,27
734,4,4,27
734,4,5,27
733,4,6,27
732,4,7,27
733,4,8,27
734,4,9,27
734,4,10,27
734,4,11,27
732,4,12,27
733,4,13,27
735,4,14,27
735,4,15,27
734,4,16,27
733,4,17,27
733,4,18,27
734,4,19,27
734,4,20,27
734,4,21,27
733,4,22,27
731,4,23,27
734,4,24,27
735,4,25,27
728,4,26,27
733,4,27,27
733,4,28,27
728,4,29,27
735,4,30,27
735,4,31,27
728,4,32,27
734,4,33,27
735,4,34,27
731,4,35,27
736,4,36,27
735,4,37,27
729,4,38,27
734,4,39,27
735,4,40,27
736,4,41,27
736,4,42,27
735,4,43,27
735,4,44,27
736,4,45,27
728,4,0,28
739,4,1,28
738,4,2,28
730,4,3,28
737,4,4,28
737,4,5,28
738,4,6,28
738,4,7,28
737,4,8,28
736,4,9,28
737,4,10,28
737,4,11,28
735,5,12,28
737,4,13,28
735,4,14,28
735,4,15,28
736,4,16,28
736,4,17,28
735,4,18,28
734,4,19,28
734,4,20,28
735,4,21,28
735,4,22,28
733,4,23,28
731,4,24,28
731,4,25,28
732,4,26,28
732,4,27,28
731,4,28,28
729,4,29,28
729,4,30,28
729,4,31,28
729,4,32,28
728,4,33,28
726,4,34,28
725,4,35,28
726,4,36,28
726,4,37,28
727,4,38,28
725,4,39,28
724,4,40,28
725,4,41,28
726,4,42,28
726,4,43,28
725,4,44,28
724,4,45,28
707,4,0,29
707,6,1,29
708,4,2,29
709,4,3,29
708,4,4,29
706,4,5,29
706,4,6,29
708,4,7,29
708,4,8,29
707,4,9,29
706,4,10,29
706,4,11,29
707,4,12,29
708,4,13,29
707,4,14,29
705,4,15,29
706,4,16,29
707,4,17,29
707,4,18,29
707,4,19,29
705,4,20,29
705,4,21,29
706,4,22,29
707,4,23,29
706,4,24,29
704,4,25,29
704,4,26,29
706,4,27,29
706,4,28,29
707,4,29,29
706,4,30,29
705,4,31,29
706,4,32,29
707,4,33,29
707,4,34,29
707,4,35,29
705,4,36,29
706,4,37,29
706,4,38,29
708,4,39,29
707,4,40,29
705,4,41,29
705,4,42,29
706,4,43,29
703,4,44,29
707,4,45,29