light,dist,x,y
612,4,0,0
614,3,1,0
614,4,2,0
614,4,3,0
616,4,4,0
618,4,5,0
620,4,6,0
618,4,7,0
617,4,8,0
617,4,9,0
619,3,10,0
620,4,11,0
621,3,12,0
621,4,13,0
621,4,14,0
622,4,15,0
626,4,16,0
625,4,17,0
624,4,18,0
625,4,19,0
628,4,20,0
629,3,21,0
631,3,22,0
630,3,23,0
630,4,24,0
630,4,25,0
632,4,26,0
633,4,27,0
632,3,28,0
631,4,29,0
631,4,30,0
633,4,31,0
633,4,32,0
634,3,33,0
633,3,34,0
630,4,35,0
632,4,36,0
630,4,37,0
635,4,38,0
636,4,39,0
635,4,40,0
636,4,41,0
637,4,42,0
637,4,43,0
636,4,44,0
634,3,45,0
629,4,0,1
628,3,1,1
628,3,2,1
629,4,3,1
628,4,4,1
627,4,5,1
626,4,6,1
625,4,7,1
627,4,8,1
627,4,9,1
626,3,10,1
625,3,11,1
624,4,12,1
625,4,13,1
626,4,14,1
626,4,15,1
624,4,16,1
623,4,17,1
624,4,18,1
626,4,19,1
626,4,20,1
624,4,21,1
624,3,22,1
623,3,23,1
625,4,24,1
625,4,25,1
624,4,26,1
623,4,27,1
622,4,28,1
624,4,29,1
625,4,30,1
624,4,31,1
622,4,32,1
622,4,33,1
624,3,34,1
624,3,35,1
626,4,36,1
624,4,37,1
622,4,38,1
623,3,39,1
625,4,40,1
626,4,41,1
627,4,42,1
625,4,43,1
624,4,44,1
624,3,45,1
623,4,0,2
623,3,1,2
623,3,2,2
619,3,3,2
616,3,4,2
617,4,5,2
617,4,6,2
612,3,7,2
614,4,8,2
612,4,9,2
611,3,10,2
612,3,11,2
613,3,12,2
612,4,13,2
611,4,14,2
611,4,15,2
613,4,16,2
612,4,17,2
611,4,18,2
612,4,19,2
610,4,20,2
611,4,21,2
611,3,22,2
612,3,23,2
610,4,24,2
610,4,25,2
608,4,26,2
611,4,27,2
612,4,28,2
612,4,29,2
610,4,30,2
609,3,31,2
611,3,32,2
612,3,33,2
610,3,34,2
610,4,35,2
608,3,36,2
609,4,37,2
610,4,38,2
610,4,39,2
610,4,40,2
609,4,41,2
612,4,42,2
614,4,43,2
617,3,44,2
618,3,45,2
670,7,0,3
676,7,1,3
679,203,2,3
687,81,3,3
692,217,4,3
691,220,5,3
694,248,6,3
699,234,7,3
704,234,8,3
708,233,9,3
711,233,10,3
714,7,11,3
717,7,12,3
720,269,13,3
704,6,14,3
726,7,15,3
727,88,16,3
737,225,17,3
759,7,18,3
771,7,19,3
773,49,20,3
766,7,21,3
758,44,22,3
750,45,23,3
750,45,24,3
747,45,25,3
748,45,26,3
742,49,27,3
746,44,28,3
743,36,29,3
743,45,30,3
743,37,31,3
743,36,32,3
743,37,33,3
736,304,34,3
746,46,35,3
746,44,36,3
751,44,37,3
750,44,38,3
748,43,39,3
758,43,40,3
763,43,41,3
766,43,42,3
767,43,43,3
772,44,44,3
771,44,45,3
772,7,0,4
771,7,1,4
767,7,2,4
765,7,3,4
767,7,4,4
767,7,5,4
765,7,6,4
763,207,7,4
763,7,8,4
762,7,9,4
760,7,10,4
760,7,11,4
763,7,12,4
767,7,13,4
767,7,14,4
768,7,15,4
771,7,16,4
773,7,17,4
774,7,18,4
773,7,19,4
771,7,20,4
774,7,21,4
775,133,22,4
774,233,23,4
773,7,24,4
770,7,25,4
767,270,26,4
765,270,27,4
765,47,28,4
767,46,29,4
763,46,30,4
768,45,31,4
764,45,32,4
766,45,33,4
763,43,34,4
766,7,35,4
765,44,36,4
762,7,37,4
764,7,38,4
765,7,39,4
764,7,40,4
761,44,41,4
762,44,42,4
763,44,43,4
760,44,44,4
759,44,45,4
783,45,0,5
787,45,1,5
783,47,2,5
788,46,3,5
785,44,4,5
787,46,5,5
785,46,6,5
789,47,7,5
787,97,8,5
788,7,9,5
786,116,10,5
787,209,11,5
789,7,12,5
788,7,13,5
787,7,14,5
788,7,15,5
789,7,16,5
788,7,17,5
787,7,18,5
785,7,19,5
787,7,20,5
789,7,21,5
785,7,22,5
783,214,23,5
785,7,24,5
781,7,25,5
781,46,26,5
778,48,27,5
781,7,28,5
782,45,29,5
781,7,30,5
779,7,31,5
779,7,32,5
779,7,33,5
779,46,34,5
767,46,35,5
774,45,36,5
770,45,37,5
770,46,38,5
767,45,39,5
767,46,40,5
763,45,41,5
765,46,42,5
763,46,43,5
764,7,44,5
764,46,45,5
777,43,0,6
779,42,1,6
777,43,2,6
782,43,3,6
779,43,4,6
783,43,5,6
780,43,6,6
783,43,7,6
784,42,8,6
784,43,9,6
786,43,10,6
783,43,11,6
786,43,12,6
776,43,13,6
788,43,14,6
784,42,15,6
788,43,16,6
784,42,17,6
787,43,18,6
787,41,19,6
787,41,20,6
788,40,21,6
781,264,22,6
788,40,23,6
792,47,24,6
791,46,25,6
792,36,26,6
787,259,27,6
786,33,28,6
785,32,29,6
783,7,30,6
780,7,31,6
782,30,32,6
776,29,33,6
759,30,34,6
751,37,35,6
728,7,36,6
727,7,37,6
720,7,38,6
718,6,39,6
717,28,40,6
708,30,41,6
708,24,42,6
700,22,43,6
691,22,44,6
687,21,45,6
498,9,0,7
498,9,1,7
497,9,2,7
497,10,3,7
497,10,4,7
496,10,5,7
496,10,6,7
497,9,7,7
497,9,8,7
498,9,9,7
499,9,10,7
495,8,11,7
497,9,12,7
496,9,13,7
496,8,14,7
497,7,15,7
500,7,16,7
501,10,17,7
505,7,18,7
506,7,19,7
511,9,20,7
515,10,21,7
520,10,22,7
526,12,23,7
532,12,24,7
540,13,25,7
549,15,26,7
561,15,27,7
572,17,28,7
582,18,29,7
590,21,30,7
598,21,31,7
604,19,32,7
616,23,33,7
622,20,34,7
633,21,35,7
638,21,36,7
643,24,37,7
645,25,38,7
648,23,39,7
653,23,40,7
655,25,41,7
658,25,42,7
662,25,43,7
659,25,44,7
664,9,45,7
719,3,0,8
715,3,1,8
707,3,2,8
687,3,3,8
678,2,4,8
666,2,5,8
652,3,6,8
635,4,7,8
614,4,8,8
604,4,9,8
595,4,10,8
587,4,11,8
586,4,12,8
582,3,13,8
578,3,14,8
574,3,15,8
572,4,16,8
567,5,17,8
560,4,18,8
548,3,19,8
537,3,20,8
531,3,21,8
530,3,22,8
528,3,23,8
526,3,24,8
528,4,25,8
530,4,26,8
538,4,27,8
548,4,28,8
559,5,29,8
566,4,30,8
569,4,31,8
570,4,32,8
575,4,33,8
576,4,34,8
575,4,35,8
574,3,36,8
575,4,37,8
575,5,38,8
577,7,39,8
572,4,40,8
575,4,41,8
572,5,42,8
575,5,43,8
574,5,44,8
574,5,45,8
579,4,0,9
578,4,1,9
578,5,2,9
579,5,3,9
578,5,4,9
576,5,5,9
572,5,6,9
575,4,7,9
579,5,8,9
582,5,9,9
581,5,10,9
580,5,11,9
581,4,12,9
584,4,13,9
582,4,14,9
581,4,15,9
578,4,16,9
578,4,17,9
578,4,18,9
579,4,19,9
580,5,20,9
578,5,21,9
579,4,22,9
579,5,23,9
580,5,24,9
578,5,25,9
577,5,26,9
578,5,27,9
577,5,28,9
575,5,29,9
578,5,30,9
577,6,31,9
574,6,32,9
576,5,33,9
574,5,34,9
572,5,35,9
574,5,36,9
570,5,37,9
570,5,38,9
571,5,39,9
569,5,40,9
567,5,41,9
568,5,42,9
567,5,43,9
566,5,44,9
567,5,45,9
553,5,0,10
554,5,1,10
557,4,2,10
557,4,3,10
557,4,4,10
558,4,5,10
556,4,6,10
555,4,7,10
556,4,8,10
557,4,9,10
556,4,10,10
554,4,11,10
552,4,12,10
554,4,13,10
553,4,14,10
554,4,15,10
553,4,16,10
552,4,17,10
551,4,18,10
552,4,19,10
553,4,20,10
550,4,21,10
550,4,22,10
550,4,23,10
549,5,24,10
548,5,25,10
548,5,26,10
547,5,27,10
547,5,28,10
547,5,29,10
547,5,30,10
549,5,31,10
548,5,32,10
549,5,33,10
548,5,34,10
550,5,35,10
549,5,36,10
548,5,37,10
546,5,38,10
548,5,39,10
547,5,40,10
548,5,41,10
547,4,42,10
546,5,43,10
545,5,44,10
547,4,45,10
708,22,0,11
706,22,1,11
704,22,2,11
706,22,3,11
705,22,4,11
702,22,5,11
704,22,6,11
704,22,7,11
702,22,8,11
706,7,9,11
708,7,10,11
706,22,11,11
705,7,12,11
707,22,13,11
709,22,14,11
704,22,15,11
706,22,16,11
709,22,17,11
704,22,18,11
705,22,19,11
705,22,20,11
701,22,21,11
702,22,22,11
704,22,23,11
703,22,24,11
702,22,25,11
703,22,26,11
700,22,27,11
701,22,28,11
704,22,29,11
702,22,30,11
702,22,31,11
702,22,32,11
703,7,33,11
702,22,34,11
703,22,35,11
705,22,36,11
702,22,37,11
698,23,38,11
703,23,39,11
702,22,40,11
703,23,41,11
704,23,42,11
702,23,43,11
703,23,44,11
705,23,45,11
731,34,0,12
730,31,1,12
732,32,2,12
729,38,3,12
731,32,4,12
731,32,5,12
723,32,6,12
732,32,7,12
730,32,8,12
732,31,9,12
732,32,10,12
728,7,11,12
728,32,12,12
728,33,13,12
726,34,14,12
729,33,15,12
726,7,16,12
731,32,17,12
735,89,18,12
737,194,19,12
744,191,20,12
754,264,21,12
752,244,22,12
741,232,23,12
731,233,24,12
729,232,25,12
728,233,26,12
729,232,27,12
726,232,28,12
721,233,29,12
722,232,30,12
722,233,31,12
718,232,32,12
715,7,33,12
716,119,34,12
715,230,35,12
712,201,36,12
710,200,37,12
708,7,38,12
709,181,39,12
705,197,40,12
705,197,41,12
705,196,42,12
707,195,43,12
705,194,44,12
708,86,45,12
711,70,0,13
709,7,1,13
708,7,2,13
706,6,3,13
705,7,4,13
703,7,5,13
703,195,6,13
705,71,7,13
704,196,8,13
703,197,9,13
705,197,10,13
697,198,11,13
705,7,12,13
705,6,13,13
703,128,14,13
706,6,15,13
710,8,16,13
714,342,17,13
711,232,18,13
711,6,19,13
709,5,20,13
709,347,21,13
706,5,22,13
704,120,23,13
700,23,24,13
702,22,25,13
695,23,26,13
699,22,27,13
703,21,28,13
705,22,29,13
703,22,30,13
706,22,31,13
707,21,32,13
705,6,33,13
700,5,34,13
706,5,35,13
707,5,36,13
706,4,37,13
705,4,38,13
705,4,39,13
701,4,40,13
708,4,41,13
707,4,42,13
700,4,43,13
705,4,44,13
708,4,45,13
710,5,0,14
711,5,1,14
710,5,2,14
708,5,3,14
708,5,4,14
711,5,5,14
711,5,6,14
710,5,7,14
708,5,8,14
708,5,9,14
710,5,10,14
711,5,11,14
710,5,12,14
708,5,13,14
708,5,14,14
710,5,15,14
711,5,16,14
709,5,17,14
709,5,18,14
708,5,19,14
710,5,20,14
711,5,21,14
709,5,22,14
709,5,23,14
709,5,24,14
710,5,25,14
710,5,26,14
710,5,27,14
709,5,28,14
708,5,29,14
711,5,30,14
711,5,31,14
709,5,32,14
708,5,33,14
708,5,34,14
710,5,35,14
711,5,36,14
709,5,37,14
706,5,38,14
709,6,39,14
710,6,40,14
711,5,41,14
709,6,42,14
707,6,43,14
708,6,44,14
711,6,45,14
709,6,0,15
708,6,1,15
707,6,2,15
705,6,3,15
707,6,4,15
709,6,5,15
708,6,6,15
706,6,7,15
706,6,8,15
707,6,9,15
708,6,10,15
708,6,11,15
706,6,12,15
706,6,13,15
707,6,14,15
708,6,15,15
708,6,16,15
706,6,17,15
705,6,18,15
708,6,19,15
708,6,20,15
708,6,21,15
706,6,22,15
706,6,23,15
707,6,24,15
708,6,25,15
708,6,26,15
706,6,27,15
707,6,28,15
708,6,29,15
709,6,30,15
708,6,31,15
707,6,32,15
707,6,33,15
708,6,34,15
709,5,35,15
709,6,36,15
706,6,37,15
708,6,38,15
709,6,39,15
710,6,40,15
708,6,41,15
706,6,42,15
707,6,43,15
709,6,44,15
710,6,45,15
711,10,0,16
707,6,1,16
706,6,2,16
707,6,3,16
707,6,4,16
705,6,5,16
703,6,6,16
703,6,7,16
706,6,8,16
707,6,9,16
706,6,10,16
705,6,11,16
705,5,12,16
706,6,13,16
706,6,14,16
704,5,15,16
702,6,16,16
703,6,17,16
703,7,18,16
705,6,19,16
702,6,20,16
701,9,21,16
701,6,22,16
703,6,23,16
703,6,24,16
702,6,25,16
702,6,26,16
702,6,27,16
704,6,28,16
705,6,29,16
703,6,30,16
704,6,31,16
705,6,32,16
707,7,33,16
705,6,34,16
703,6,35,16
704,6,36,16
704,6,37,16
705,6,38,16
704,6,39,16
703,6,40,16
703,6,41,16
709,7,42,16
704,6,43,16
701,6,44,16
700,6,45,16
686,6,0,17
686,6,1,17
687,6,2,17
687,6,3,17
686,6,4,17
685,6,5,17
687,6,6,17
688,6,7,17
689,6,8,17
688,6,9,17
687,6,10,17
687,6,11,17
688,6,12,17
687,6,13,17
684,6,14,17
684,6,15,17
686,6,16,17
686,6,17,17
686,6,18,17
683,6,19,17
684,6,20,17
685,6,21,17
685,6,22,17
684,6,23,17
683,6,24,17
684,6,25,17
685,6,26,17
685,6,27,17
685,6,28,17
683,6,29,17
684,6,30,17
686,6,31,17
686,6,32,17
685,6,33,17
683,6,34,17
685,6,35,17
686,6,36,17
686,6,37,17
685,6,38,17
684,6,39,17
686,6,40,17
686,6,41,17
686,6,42,17
684,6,43,17
684,6,44,17
686,6,45,17
679,7,0,18
679,7,1,18
679,6,2,18
678,6,3,18
678,6,4,18
681,6,5,18
682,6,6,18
682,6,7,18
681,6,8,18
685,7,9,18
687,7,10,18
688,7,11,18
688,6,12,18
687,6,13,18
689,7,14,18
691,6,15,18
690,6,16,18
690,6,17,18
689,6,18,18
690,7,19,18
692,7,20,18
691,6,21,18
690,6,22,18
690,7,23,18
690,6,24,18
690,6,25,18
689,6,26,18
687,6,27,18
686,10,28,18
688,6,29,18
687,6,30,18
685,7,31,18
682,6,32,18
682,6,33,18
682,6,34,18
683,6,35,18
680,7,36,18
680,10,37,18
682,7,38,18
682,7,39,18
683,10,40,18
680,6,41,18
681,7,42,18
679,9,43,18
683,7,44,18
681,7,45,18
679,6,0,19
679,7,1,19
681,7,2,19
681,8,3,19
681,7,4,19
679,7,5,19
679,7,6,19
680,7,7,19
682,8,8,19
679,7,9,19
678,7,10,19
680,7,11,19
681,8,12,19
681,7,13,19
680,7,14,19
678,7,15,19
679,7,16,19
681,6,17,19
680,8,18,19
678,7,19,19
679,7,20,19
680,7,21,19
681,6,22,19
680,7,23,19
678,7,24,19
679,7,25,19
680,7,26,19
681,7,27,19
679,7,28,19
678,7,29,19
680,7,30,19
681,7,31,19
681,7,32,19
679,6,33,19
679,7,34,19
680,7,35,19
681,7,36,19
680,7,37,19
678,7,38,19
679,7,39,19
680,6,40,19
681,6,41,19
680,7,42,19
678,7,43,19
679,7,44,19
681,7,45,19
683,6,0,20
683,8,1,20
676,9,2,20
680,7,3,20
682,7,4,20
678,8,5,20
681,7,6,20
679,7,7,20
675,6,8,20
682,6,9,20
682,6,10,20
675,7,11,20
679,7,12,20
679,8,13,20
682,7,14,20
681,7,15,20
679,7,16,20
678,6,17,20
681,6,18,20
682,7,19,20
681,7,20,20
679,7,21,20
678,8,22,20
681,7,23,20
682,6,24,20
680,7,25,20
679,6,26,20
679,6,27,20
681,7,28,20
680,7,29,20
681,7,30,20
678,7,31,20
680,8,32,20
681,8,33,20
681,8,34,20
679,8,35,20
679,8,36,20
680,8,37,20
681,6,38,20
681,7,39,20
679,6,40,20
681,8,41,20
681,8,42,20
682,7,43,20
679,7,44,20
679,8,45,20
679,7,0,21
682,7,1,21
682,10,2,21
681,8,3,21
680,8,4,21
683,10,5,21
682,8,6,21
681,8,7,21
676,9,8,21
679,8,9,21
681,8,10,21
677,9,11,21
680,7,12,21
679,7,13,21
675,6,14,21
682,8,15,21
682,8,16,21
680,8,17,21
679,7,18,21
680,7,19,21
680,6,20,21
680,8,21,21
677,8,22,21
677,8,23,21
679,7,24,21
678,8,25,21
677,8,26,21
677,8,27,21
677,8,28,21
678,7,29,21
678,7,30,21
677,7,31,21
676,7,32,21
678,8,33,21
680,7,34,21
679,7,35,21
678,7,36,21
678,8,37,21
681,8,38,21
681,8,39,21
680,8,40,21
678,8,41,21
680,8,42,21
681,8,43,21
680,7,44,21
678,6,45,21
679,9,0,22
680,9,1,22
682,11,2,22
681,9,3,22
680,9,4,22
673,10,5,22
681,9,6,22
682,9,7,22
676,7,8,22
680,9,9,22
681,9,10,22
681,9,11,22
683,9,12,22
681,9,13,22
680,7,14,22
683,9,15,22
685,7,16,22
685,6,17,22
684,9,18,22
686,9,19,22
687,9,20,22
687,9,21,22
686,9,22,22
685,7,23,22
687,9,24,22
689,8,25,22
687,9,26,22
686,9,27,22
687,9,28,22
688,9,29,22
688,9,30,22
686,9,31,22
686,7,32,22
688,7,33,22
689,10,34,22
687,9,35,22
686,10,36,22
687,19,37,22
689,7,38,22
687,6,39,22
686,6,40,22
687,6,41,22
688,11,42,22
683,19,43,22
687,11,44,22
687,6,45,22
683,6,0,23
685,7,1,23
684,7,2,23
683,7,3,23
683,6,4,23
684,7,5,23
685,6,6,23
684,7,7,23
683,7,8,23
682,7,9,23
685,10,10,23
685,7,11,23
683,6,12,23
682,7,13,23
684,6,14,23
685,7,15,23
685,6,16,23
683,6,17,23
683,6,18,23
684,11,19,23
685,7,20,23
684,6,21,23
682,6,22,23
683,11,23,23
685,6,24,23
685,7,25,23
684,6,26,23
683,7,27,23
683,11,28,23
685,6,29,23
685,7,30,23
683,7,31,23
683,6,32,23
684,7,33,23
687,12,34,23
684,6,35,23
682,6,36,23
679,11,37,23
685,7,38,23
684,7,39,23
678,7,40,23
682,6,41,23
683,6,42,23
684,6,43,23
684,7,44,23
682,6,45,23
683,7,0,24
684,6,1,24
686,6,2,24
686,6,3,24
684,6,4,24
683,7,5,24
685,6,6,24
686,6,7,24
686,6,8,24
685,6,9,24
684,6,10,24
685,7,11,24
686,7,12,24
686,7,13,24
684,6,14,24
683,6,15,24
685,6,16,24
686,6,17,24
686,6,18,24
684,6,19,24
684,6,20,24
685,7,21,24
685,6,22,24
685,6,23,24
683,6,24,24
684,7,25,24
686,6,26,24
685,6,27,24
685,6,28,24
683,6,29,24
685,6,30,24
685,6,31,24
686,7,32,24
684,7,33,24
683,7,34,24
684,7,35,24
686,6,36,24
686,7,37,24
683,6,38,24
683,6,39,24
685,6,40,24
685,7,41,24
684,7,42,24
683,7,43,24
684,7,44,24
685,7,45,24
654,6,0,25
654,7,1,25
651,13,2,25
653,6,3,25
655,6,4,25
653,11,5,25
657,7,6,25
657,7,7,25
652,15,8,25
659,6,9,25
657,7,10,25
648,6,11,25
653,7,12,25
653,7,13,25
652,6,14,25
651,6,15,25
648,6,16,25
648,6,17,25
649,6,18,25
648,7,19,25
646,6,20,25
646,7,21,25
646,7,22,25
648,7,23,25
650,7,24,25
649,6,25,25
649,6,26,25
651,6,27,25
651,6,28,25
648,7,29,25
645,7,30,25
640,7,31,25
636,6,32,25
636,6,33,25
643,5,34,25
648,5,35,25
652,19,36,25
656,7,37,25
658,6,38,25
658,8,39,25
659,6,40,25
662,9,41,25
665,7,42,25
665,9,43,25
664,6,44,25
666,6,45,25
678,7,0,26
679,7,1,26
679,11,2,26
678,6,3,26
677,7,4,26
678,7,5,26
679,6,6,26
679,7,7,26
679,18,8,26
677,7,9,26
679,11,10,26
674,7,11,26
677,6,12,26
677,6,13,26
675,6,14,26
679,11,15,26
678,7,16,26
677,6,17,26
678,6,18,26
680,10,19,26
679,12,20,26
677,13,21,26
678,17,22,26
680,11,23,26
679,11,24,26
678,11,25,26
678,6,26,26
679,6,27,26
680,7,28,26
679,11,29,26
677,7,30,26
678,11,31,26
679,11,32,26
679,11,33,26
677,11,34,26
678,11,35,26
679,11,36,26
674,11,37,26
678,10,38,26
678,10,39,26
679,11,40,26
679,10,41,26
678,10,42,26
678,11,43,26
680,10,44,26
680,10,45,26
679,10,0,27
676,10,1,27
677,10,2,27
679,10,3,27
678,11,4,27
677,11,5,27
676,10,6,27
674,11,7,27
678,10,8,27
677,10,9,27
672,10,10,27
678,10,11,27
679,10,12,27
677,10,13,27
676,10,14,27
677,10,15,27
678,10,16,27
678,10,17,27
675,10,18,27
677,10,19,27
678,10,20,27
678,10,21,27
677,10,22,27
676,10,23,27
678,10,24,27
679,10,25,27
676,10,26,27
676,11,27,27
678,10,28,27
677,10,29,27
674,11,30,27
676,10,31,27
678,10,32,27
673,10,33,27
677,10,34,27
676,10,35,27
678,10,36,27
678,10,37,27
677,10,38,27
676,10,39,27
677,10,40,27
678,10,41,27
678,10,42,27
676,10,43,27
678,10,44,27
679,10,45,27
679,11,0,28
679,11,1,28
677,11,2,28
673,11,3,28
679,11,4,28
679,11,5,28
676,10,6,28
677,11,7,28
680,10,8,28
680,11,9,28
677,11,10,28
678,11,11,28
679,11,12,28
680,11,13,28
678,10,14,28
677,11,15,28
679,11,16,28
679,11,17,28
677,11,18,28
677,11,19,28
680,11,20,28
679,11,21,28
677,11,22,28
677,11,23,28
678,11,24,28
680,11,25,28
672,7,26,28
677,11,27,28
678,10,28,28
679,11,29,28
678,11,30,28
677,11,31,28
678,11,32,28
680,11,33,28
678,11,34,28
677,11,35,28
679,11,36,28
679,11,37,28
678,11,38,28
678,11,39,28
679,11,40,28
680,11,41,28
679,11,42,28
675,11,43,28
678,11,44,28
679,11,45,28
678,11,0,29
677,10,1,29
676,11,2,29
677,11,3,29
678,10,4,29
678,11,5,29
676,11,6,29
677,11,7,29
679,10,8,29
678,11,9,29
676,11,10,29
677,11,11,29
678,11,12,29
675,11,13,29
677,11,14,29
677,11,15,29
674,11,16,29
679,11,17,29
677,10,18,29
677,11,19,29
679,11,20,29
679,11,21,29
677,11,22,29
677,11,23,29
678,10,24,29
679,11,25,29
678,11,26,29
676,11,27,29
678,11,28,29
679,11,29,29
678,10,30,29
677,11,31,29
678,11,32,29
679,12,33,29
679,11,34,29
677,11,35,29
678,11,36,29
679,11,37,29
678,11,38,29
676,11,39,29
677,11,40,29
678,11,41,29
678,11,42,29
676,11,43,29
678,10,44,29
679,11,45,29